1. 3 3 71 17251 1 581 3
2. 3 25 79 17251 1 761 12
3. 3 16 23 17251 0 2219 5
4. 4 19 2 17251 0 2411 15
5. 3 25 71 17251 0 489 25
6. 3 6 101 17251 0 1115 5
7. 3 33 109 17251 1 1059 18
8. 3 37 2 17251 2 98 51
9. 4 8 2 17251 2 51 46
10. 3 2 79 17251 1 1027 3
11. 3 2 11 17251 1 219 52
12. 3 1 61 17251 2 146 8
13. 3 27 3 17251 2 68 30
14. 3 13 109 17251 0 607 79
15. 3 0 107 17251 1 877 12
16. 3 3 89 17251 2 238 65
17. 3 16 2 17251 2 1079 13
18. 3 25 67 17251 0 1140 85
19. 3 18 71 17251 0 201 116
20. 3 3 17 17251 0 169 84
21. 3 22 19 17251 0 1947 146
22. 3 26 97 17251 0 1968 23
23. 3 37 3 17251 0 1566 52
24. 3 39 19 17251 1 1656 10
25. 3 8 71 17251 1 1848 5
26. 3 7 97 17251 1 302 85
27. 3 0 59 17251 1 1013 33
28. 3 16 7 17251 0 1371 16
29. 3 38 109 17251 1 1451 156
30. 3 0 79 17251 1 1307 146
31. 3 21 43 17251 2 794 91
32. 3 32 5 17251 0 667 66
33. 3 33 59 17251 0 673 223
34. 3 8 37 17251 2 614 176
35. 3 35 109 17251 2 2159 174
36. 3 32 53 17251 1 697 59
37. 3 32 11 17251 1 2118 250
38. 3 33 31 17251 1 2196 66
39. 3 37 71 17251 0 1174 81
40. 3 3 67 17251 1 657 78
41. 4 12 5 17251 1 136 260
42. 3 13 83 17251 1 2162 180
43. 3 26 11 17251 1 1339 3
44. 3 27 107 17251 1 2163 96
45. 3 21 17 17251 1 1758 85
46. 3 4 107 17251 0 1478 198
47. 3 0 113 17251 1 1505 27
48. 3 2 83 17251 2 1628 44
49. 3 16 41 17251 0 1607 14
50. 3 32 43 17251 0 1127 311
51. 3 33 13 17251 1 901 194
52. 3 26 67 17251 2 2217 197
53. 4 25 7 17251 0 1926 5
54. 3 4 109 17251 2 767 72
55. 4 27 2 17251 1 1104 21
56. 4 31 7 17251 2 189 379
57. 3 23 43 17251 1 101 343
58. 4 39 5 17251 2 187 384
59. 3 6 23 17251 2 1032 356
60. 3 38 47 17251 1 2141 2
61. 3 37 109 17251 1 1043 292
62. 3 17 59 17251 0 164 178
63. 3 31 79 17251 2 1327 386
64. 3 5 17 17251 2 1503 238
65. 3 26 13 17251 2 200 134
66. 3 22 7 17251 2 83 436
67. 3 0 37 17251 1 1772 241
68. 3 24 107 17251 2 1580 133
69. 3 19 47 17251 0 2384 278
70. 3 21 73 17251 0 2006 161
71. 3 2 107 17251 0 1186 380
72. 3 13 41 17251 2 431 232
73. 3 31 61 17251 1 736 43
74. 3 28 113 17251 2 491 293
75. 3 13 11 17251 1 868 119
76. 3 9 67 17251 2 904 3
77. 4 25 7 17251 1 514 56
78. 3 32 13 17251 0 964 155
79. 3 29 113 17251 2 231 442
80. 4 38 2 17251 2 932 6
81. 3 18 53 17251 1 625 552
82. 3 20 61 17251 1 2108 514
83. 3 16 29 17251 0 1162 159
84. 3 26 101 17251 2 171 523
85. 3 9 47 17251 0 2180 12
86. 3 28 109 17251 2 1014 40
87. 3 13 103 17251 1 1352 305
88. 3 2 59 17251 0 2131 87
89. 3 29 103 17251 1 801 272
90. 3 4 43 17251 1 910 318
91. 3 11 5 17251 1 2435 110
92. 3 9 73 17251 1 1788 186
93. 3 10 31 17251 2 2077 408
94. 3 2 43 17251 2 878 223
95. 3 32 73 17251 0 1604 100
96. 3 18 41 17251 2 310 413
97. 3 30 109 17251 0 2284 62
98. 3 8 7 17251 0 1187 441
99. 4 33 5 17251 0 1517 451
100. 3 29 11 17251 0 798 365
101. 3 17 11 17251 0 2176 435
102. 3 7 3 17251 0 2419 24
103. 3 21 7 17251 2 1272 649
104. 3 10 47 17251 1 1174 526
105. 4 34 2 17251 2 2289 356
106. 4 20 3 17251 2 2134 81
107. 3 12 73 17251 0 678 243
108. 3 6 19 17251 1 1698 350
109. 3 34 67 17251 2 2131 170
110. 3 8 31 17251 1 2332 476
111. 3 37 47 17251 1 984 1
112. 3 15 113 17251 2 1910 386
113. 3 34 61 17251 0 337 423
114. 3 36 71 17251 2 274 418
115. 3 14 103 17251 1 1182 588
116. 3 24 109 17251 2 1651 435
117. 3 6 13 17251 1 2304 523
118. 3 2 113 17251 2 2383 717
119. 3 22 37 17251 2 1324 775
120. 3 39 31 17251 0 1697 68
121. 3 30 17 17251 2 262 633
122. 3 2 37 17251 0 1811 463
123. 3 11 113 17251 0 2057 549
124. 3 10 67 17251 1 185 458
125. 3 1 109 17251 0 1587 467
126. 3 1 43 17251 1 473 537
127. 3 12 11 17251 1 698 730
128. 3 25 19 17251 0 2341 616
129. 3 37 101 17251 2 2400 11
130. 3 8 79 17251 0 142 114
131. 3 27 101 17251 1 1559 57
132. 3 0 23 17251 2 1895 295
133. 3 11 79 17251 2 2018 392
134. 3 4 37 17251 2 1391 542
135. 3 25 11 17251 2 2257 694
136. 3 30 31 17251 0 1408 419
137. 4 19 2 17251 0 1316 852
138. 3 15 17 17251 0 1874 517
139. 3 31 47 17251 1 895 493
140. 3 36 73 17251 2 723 632
141. 3 37 67 17251 0 932 633
142. 3 25 107 17251 0 963 929
143. 3 28 29 17251 0 1785 102
144. 3 2 31 17251 1 295 710
145. 3 18 17 17251 1 1770 34
146. 3 28 11 17251 2 2118 654
147. 3 22 17 17251 1 1039 220
148. 3 12 59 17251 2 540 1023
149. 3 22 71 17251 2 580 211
150. 3 30 103 17251 2 1990 473
151. 3 15 23 17251 1 1685 890
152. 3 28 71 17251 1 632 1024
153. 3 33 43 17251 2 1690 623
154. 3 33 101 17251 2 323 423
155. 3 14 5 17251 0 2057 202
156. 3 29 13 17251 2 1442 170
157. 3 31 5 17251 1 1672 73
158. 3 23 17 17251 2 681 189
159. 3 35 79 17251 1 445 494
160. 4 20 3 17251 1 1118 341
161. 3 37 23 17251 2 1643 849
162. 3 28 37 17251 0 1993 28
163. 3 11 7 17251 2 1555 574
164. 3 2 109 17251 1 1940 809
165. 3 26 17 17251 0 2067 255
166. 3 0 53 17251 0 1112 473
167. 4 33 23 17251 1 528 149
168. 3 29 3 17251 1 437 233
169. 4 38 29 17251 2 797 869
170. 3 8 73 17251 1 1760 1014
171. 4 21 3 17251 0 1042 1116
172. 3 16 47 17251 2 345 374
173. 4 10 2 17251 0 1378 584
174. 3 39 23 17251 1 1316 598
175. 3 32 109 17251 1 1397 529
176. 3 28 97 17251 0 269 1141
177. 4 26 109 17251 1 1152 1076
178. 3 32 71 17251 0 1568 976
179. 3 38 53 17251 0 1392 727
180. 3 9 53 17251 2 790 249
181. 3 15 89 17251 0 714 735
182. 3 10 103 17251 0 267 944
183. 3 34 101 17251 2 1122 440
184. 3 5 109 17251 2 2362 131
185. 3 16 89 17251 2 582 1263
186. 3 12 107 17251 0 1693 1251
187. 3 24 17 17251 2 1610 144
188. 3 19 97 17251 1 443 709
189. 3 3 13 17251 1 1435 432
190. 3 39 113 17251 1 1958 741
191. 3 13 2 17251 0 1236 943
192. 3 27 41 17251 2 1848 1181
193. 3 1 11 17251 2 609 814
194. 3 29 107 17251 2 1340 856
195. 3 8 43 17251 0 2426 185
196. 3 31 73 17251 2 1788 730
197. 3 36 13 17251 1 1531 205
198. 3 38 59 17251 0 1762 678
199. 3 6 71 17251 1 1796 1070
200. 3 24 37 17251 1 1002 889
201. 3 32 113 17251 1 867 918
202. 3 28 107 17251 0 303 702
203. 3 35 31 17251 2 1857 1332
204. 3 33 47 17251 2 1704 1221
205. 3 26 79 17251 2 1429 1068
206. 3 26 61 17251 0 1118 486
207. 3 7 59 17251 1 2057 93
208. 3 37 41 17251 2 1503 234
209. 4 7 19 17251 1 2395 270
210. 3 5 23 17251 0 2253 995
211. 4 19 2 17251 0 2251 319
212. 3 14 89 17251 1 695 1437
213. 3 11 17 17251 1 729 1416
214. 3 19 71 17251 0 2073 477
215. 3 37 83 17251 0 1158 73
216. 3 11 37 17251 0 1064 1011
217. 3 29 2 17251 1 1093 542
218. 3 36 41 17251 0 1836 900
219. 3 21 13 17251 0 1991 889
220. 3 9 37 17251 0 2378 1220
221. 3 16 83 17251 0 1613 1520
222. 3 19 59 17251 0 1052 1281
223. 3 13 37 17251 2 1818 1085
224. 3 14 23 17251 1 1877 1377
225. 3 39 37 17251 0 1759 604
226. 3 37 13 17251 1 2149 381
227. 3 16 67 17251 0 863 98
228. 3 38 7 17251 0 744 155
229. 3 31 2 17251 2 798 43
230. 3 5 41 17251 0 2018 401
231. 3 39 61 17251 2 2077 419
232. 3 7 89 17251 0 2161 1126
233. 4 22 11 17251 0 1543 1401
234. 3 37 97 17251 2 989 442
235. 3 3 109 17251 1 1411 1020
236. 3 4 79 17251 0 2427 605
237. 4 24 23 17251 1 599 1615
238. 3 24 19 17251 2 630 99
239. 3 35 97 17251 2 2186 290
240. 3 23 3 17251 2 1100 158
241. 3 28 31 17251 0 1924 739
242. 3 21 11 17251 0 1474 23
243. 3 15 73 17251 0 1112 1126
244. 3 7 73 17251 2 1960 1083
245. 3 29 5 17251 2 1071 813
246. 3 30 59 17251 0 978 660
247. 3 10 101 17251 0 665 1545
248. 3 19 17 17251 2 887 1471
249. 3 16 13 17251 1 1379 325
250. 3 35 83 17251 0 1347 71
251. 3 4 47 17251 2 2458 1221
252. 3 1 53 17251 0 967 546
253. 3 4 29 17251 0 1098 42
254. 3 1 7 17251 2 523 1003
255. 3 15 43 17251 2 996 424
256. 3 18 29 17251 0 1482 538
257. 3 37 103 17251 0 278 259
258. 3 26 89 17251 0 715 1062
259. 3 18 23 17251 1 2040 48
260. 4 9 2 17251 1 335 957
261. 3 25 73 17251 0 2273 92
262. 3 4 19 17251 2 2044 1187
263. 3 4 13 17251 2 821 1209
264. 3 36 59 17251 1 642 681
265. 3 30 107 17251 0 736 221
266. 3 3 83 17251 1 2183 1079
267. 3 21 5 17251 2 1404 388
268. 4 12 19 17251 2 506 1231
269. 3 28 73 17251 0 1973 873
270. 3 9 17 17251 0 1720 1022
271. 3 12 47 17251 0 1175 1179
272. 3 9 43 17251 0 2200 1155
273. 3 32 2 17251 2 2004 411
274. 3 0 97 17251 2 1611 626
275. 3 20 37 17251 0 1512 220
276. 3 0 103 17251 1 445 183
277. 3 26 53 17251 1 1162 416
278. 3 30 43 17251 1 2039 812
279. 3 12 79 17251 2 2374 208
280. 3 12 53 17251 1 737 871
281. 3 4 59 17251 0 1918 1114
282. 3 39 83 17251 2 753 659
283. 4 27 2 17251 1 788 723
284. 3 24 61 17251 1 1860 1501
285. 3 21 29 17251 2 1078 1881
286. 3 35 13 17251 0 1014 734
287. 3 12 71 17251 2 528 911
288. 3 18 3 17251 0 1687 172
289. 3 14 83 17251 2 666 684
290. 3 25 83 17251 0 1854 117
291. 3 22 97 17251 1 1770 729
292. 3 11 53 17251 2 2244 1447
293. 3 15 107 17251 2 1859 211
294. 3 3 113 17251 0 1894 1562
295. 3 9 19 17251 2 1067 306
296. 4 11 2 17251 1 1490 2068
297. 4 9 2 17251 2 523 1821
298. 3 19 89 17251 0 886 771
299. 3 0 17 17251 0 1724 1758
300. 4 11 29 17251 2 2284 1335
301. 3 23 7 17251 2 722 785
302. 3 12 67 17251 1 1230 1525
303. 3 14 53 17251 0 1239 1290
304. 4 20 3 17251 0 1875 1901
305. 3 14 107 17251 0 1576 1245
306. 3 16 79 17251 1 906 690
307. 3 37 73 17251 2 1552 490
308. 3 1 13 17251 1 512 1378
309. 3 2 2 17251 2 678 1888
310. 3 3 103 17251 2 1521 531
311. 3 34 107 17251 2 423 456
312. 3 14 113 17251 0 1096 653
313. 3 2 67 17251 2 1553 504
314. 3 5 73 17251 0 544 902
315. 3 6 43 17251 2 1121 1168
316. 3 35 67 17251 0 1887 1945
317. 3 29 61 17251 1 820 1260
318. 3 25 97 17251 1 928 1761
319. 3 29 79 17251 1 2298 1169
320. 3 1 17 17251 2 2391 875
321. 3 19 109 17251 2 406 2177
322. 3 20 23 17251 1 2330 1281
323. 3 24 89 17251 2 632 2176
324. 3 20 97 17251 2 500 1956
325. 3 3 23 17251 1 1455 338
326. 3 21 31 17251 2 1139 325
327. 3 6 61 17251 1 1389 145
328. 3 0 11 17251 2 1831 1730
329. 3 39 103 17251 0 1512 19
330. 3 14 61 17251 0 1067 641
331. 3 30 113 17251 2 946 2177
332. 4 20 2 17251 0 751 1847
333. 3 24 113 17251 1 1243 1870
334. 3 10 37 17251 2 1350 46
335. 3 11 31 17251 0 2309 954
336. 3 15 5 17251 1 680 1355
337. 3 22 61 17251 0 1609 302
338. 3 9 7 17251 0 1057 1892
339. 3 14 59 17251 1 1628 133
340. 3 21 23 17251 0 754 2286
341. 3 21 107 17251 0 967 510
342. 3 26 83 17251 2 2144 886
343. 3 25 109 17251 2 492 843
344. 3 0 41 17251 0 2416 1002
345. 3 24 47 17251 0 1512 1640
346. 3 36 37 17251 0 1060 208
347. 3 36 101 17251 1 841 1614
348. 3 31 41 17251 0 994 2348
349. 3 14 71 17251 1 2184 722
350. 3 18 109 17251 0 358 1113
351. 3 26 5 17251 1 1760 1516
352. 3 16 103 17251 2 1334 1376
353. 3 6 3 17251 1 1356 1099
354. 3 29 59 17251 0 1574 2175
355. 3 39 73 17251 0 1402 2384
356. 3 2 103 17251 0 376 76
357. 3 14 2 17251 1 1882 143
358. 3 6 41 17251 1 675 2032
359. 3 33 37 17251 1 2309 2317
360. 3 36 79 17251 1 1319 1221
361. 3 23 67 17251 2 490 2090
362. 3 5 83 17251 1 1549 1512
363. 3 3 43 17251 0 553 1991
364. 4 36 19 17251 1 1637 102
365. 3 7 109 17251 2 1611 1885
366. 3 18 89 17251 0 1167 207
367. 3 14 43 17251 0 550 368
368. 3 29 73 17251 1 840 207
369. 3 4 103 17251 2 498 1259
370. 3 20 41 17251 2 1220 2086
371. 3 39 7 17251 1 1444 34
372. 3 2 71 17251 1 531 2023
373. 3 19 3 17251 1 518 325
374. 3 36 103 17251 1 725 812
375. 3 8 97 17251 2 557 1528
376. 3 27 17 17251 1 2117 1130
377. 3 14 41 17251 0 1601 1119
378. 3 16 11 17251 1 1597 1921
379. 3 33 3 17251 2 2263 806
380. 3 10 17 17251 2 596 1540
381. 3 17 79 17251 2 1293 910
382. 3 31 89 17251 0 817 1363
383. 3 36 29 17251 0 2008 1616
384. 3 18 5 17251 2 485 2658
385. 3 32 41 17251 1 1672 516
386. 3 6 103 17251 2 955 115
387. 4 17 19 17251 0 1547 150
388. 3 30 89 17251 2 1589 1984
389. 3 23 13 17251 2 1406 2189
390. 3 17 103 17251 2 2037 1789
391. 3 5 11 17251 2 663 384
392. 3 33 113 17251 1 2385 24
393. 3 25 2 17251 1 1401 2081
394. 3 16 101 17251 1 605 1912
395. 3 30 97 17251 0 1679 2285
396. 3 19 29 17251 2 2234 1272
397. 3 36 43 17251 2 1547 524
398. 3 4 3 17251 2 963 1369
399. 3 18 7 17251 2 1145 2316
400. 3 0 47 17251 2 2395 2653
401. 3 27 83 17251 1 643 1916
402. 3 15 79 17251 2 2286 2716
403. 3 19 19 17251 1 1749 529
404. 3 39 41 17251 1 1688 1981
405. 4 21 2 17251 2 473 2029
406. 3 3 47 17251 2 1799 2664
407. 3 12 13 17251 2 739 1892
408. 3 34 103 17251 2 1172 1253
409. 4 35 11 17251 1 419 2097
410. 3 2 7 17251 0 429 977
411. 3 37 79 17251 0 1919 1335
412. 3 16 31 17251 0 2237 1566
413. 3 5 67 17251 1 2135 813
414. 3 4 71 17251 1 1211 1789
415. 3 2 19 17251 1 1566 395
416. 3 23 47 17251 0 497 584
417. 3 35 61 17251 1 2001 1217
418. 3 19 13 17251 2 1438 1903
419. 3 6 79 17251 0 563 1994
420. 3 11 109 17251 1 1650 80
421. 3 30 83 17251 2 1237 930
422. 3 30 13 17251 0 1721 166
423. 3 12 101 17251 1 2203 834
424. 3 23 37 17251 0 769 551
425. 3 29 47 17251 2 962 2081
426. 3 37 31 17251 1 2174 2573
427. 3 3 101 17251 1 1118 2766
428. 3 7 37 17251 0 1953 515
429. 4 3 3 17251 1 544 2511
430. 3 9 109 17251 1 528 2970
431. 3 9 103 17251 0 1027 1482
432. 3 0 101 17251 1 830 742
433. 3 22 103 17251 1 2094 2476
434. 3 20 43 17251 2 475 775
435. 3 11 41 17251 0 496 540
436. 3 37 53 17251 0 2168 2848
437. 3 0 31 17251 2 527 1799
438. 3 12 109 17251 2 1945 1756
439. 3 35 41 17251 2 2253 462
440. 3 1 89 17251 1 1590 0
441. 3 31 97 17251 0 827 2290
442. 3 12 23 17251 1 1936 276
443. 3 24 101 17251 1 733 2897
444. 3 9 61 17251 2 1769 2552
445. 4 39 5 17251 1 1190 2686
446. 3 1 73 17251 1 663 2502
447. 3 10 113 17251 1 2115 326
448. 4 30 19 17251 1 1280 1628
449. 3 30 7 17251 0 2024 2919
450. 3 25 61 17251 0 1882 870
451. 3 27 67 17251 1 1557 511
452. 3 4 89 17251 0 1617 2410
453. 3 14 7 17251 1 545 430
454. 3 7 47 17251 2 622 3109
455. 3 33 29 17251 0 981 1951
456. 4 21 2 17251 2 2036 412
457. 3 0 73 17251 2 532 1290
458. 3 13 5 17251 2 1763 3115
459. 3 23 107 17251 2 824 1499
460. 3 20 109 17251 1 1684 392
461. 3 25 103 17251 0 1688 1452
462. 3 32 61 17251 0 2424 330
463. 3 9 29 17251 1 742 2528
464. 3 1 59 17251 2 2235 1687
465. 3 19 53 17251 0 1101 3003
466. 3 37 61 17251 1 1475 931
467. 3 34 23 17251 1 1764 450
468. 3 27 5 17251 2 2338 1164
469. 3 0 89 17251 1 1030 1286
470. 3 31 107 17251 0 1920 2525
471. 3 12 7 17251 1 493 966
472. 3 33 79 17251 0 2270 3261
473. 3 17 97 17251 2 1669 2820
474. 3 0 61 17251 2 1185 2435
475. 3 32 79 17251 0 1250 1103
476. 4 34 5 17251 0 1709 304
477. 3 35 7 17251 2 851 1895
478. 3 23 73 17251 2 725 1043
479. 3 15 101 17251 0 1621 85
480. 3 13 71 17251 1 2096 2275
481. 3 9 5 17251 0 2178 1710
482. 3 23 109 17251 1 612 1175
483. 3 24 11 17251 1 1544 67
484. 3 22 23 17251 1 1350 2500
485. 3 34 71 17251 2 2389 3279
486. 3 19 37 17251 2 1209 300
487. 3 3 61 17251 2 2300 2239
488. 3 19 7 17251 1 1648 226
489. 3 28 103 17251 1 739 252
490. 4 32 97 17251 1 870 2330
491. 3 14 73 17251 0 853 791
492. 3 24 41 17251 0 1624 27
493. 3 2 17 17251 1 1094 2736
494. 3 0 5 17251 0 1138 3381
495. 4 10 2 17251 0 709 2293
496. 3 10 107 17251 1 1384 362
497. 3 12 2 17251 0 574 2524
498. 3 1 29 17251 1 2103 14
499. 3 19 103 17251 1 1152 231
500. 3 11 19 17251 2 557 2458
501. 3 35 113 17251 0 1792 2652
502. 3 1 71 17251 0 1290 3454
503. 3 28 13 17251 2 790 2380
504. 3 25 37 17251 1 1096 1592
505. 3 10 59 17251 1 605 1268
506. 3 35 107 17251 2 2037 2639
507. 3 16 71 17251 1 1569 3309
508. 3 20 53 17251 2 2216 3242
509. 3 17 89 17251 1 1456 168
510. 3 14 17 17251 2 852 3413
511. 3 15 13 17251 1 1063 3323
512. 3 14 109 17251 2 2019 1462
513. 3 15 59 17251 2 1541 1195
514. 3 7 29 17251 2 1113 607
515. 3 1 3 17251 1 1846 652
516. 3 11 101 17251 0 1892 1694
517. 3 39 107 17251 1 1568 837
518. 3 31 109 17251 2 2290 2919
519. 3 25 29 17251 1 1383 320
520. 3 31 37 17251 0 790 3116
521. 3 34 3 17251 2 799 2983
522. 3 9 107 17251 0 862 1789
523. 3 7 61 17251 2 1164 2352
524. 3 32 19 17251 2 1570 2455
525. 3 38 83 17251 0 1597 672
526. 3 36 47 17251 0 1087 2574
527. 3 25 101 17251 0 1951 1198
528. 3 22 3 17251 0 1849 1327
529. 3 23 61 17251 1 1712 2794
530. 3 21 53 17251 1 677 3359
531. 3 27 31 17251 0 557 1264
532. 3 25 23 17251 0 1814 602
533. 3 4 73 17251 1 895 3628
534. 3 7 41 17251 0 1705 2490
535. 3 39 17 17251 0 722 602
536. 3 6 83 17251 0 1605 3359
537. 3 28 83 17251 2 1319 1840
538. 3 10 7 17251 0 1988 2662
539. 3 20 79 17251 1 891 434
540. 3 31 23 17251 0 1243 3712
541. 3 13 89 17251 0 963 1315
542. 3 29 19 17251 1 1797 1615
543. 4 19 2 17251 2 832 2447
544. 3 12 61 17251 2 1609 1480
545. 3 31 113 17251 2 582 3377
546. 3 11 107 17251 2 660 2056
547. 3 14 11 17251 0 1872 2199
548. 3 1 41 17251 2 814 1361
549. 3 21 67 17251 1 1431 3144
550. 3 31 59 17251 0 1105 2660
551. 3 12 113 17251 2 2056 2536
552. 3 33 67 17251 0 2084 16
553. 3 5 43 17251 1 1926 2309
554. 3 29 71 17251 0 1673 610
555. 3 30 67 17251 0 2136 2089
556. 3 2 23 17251 0 655 3378
557. 3 11 11 17251 0 1608 2844
558. 3 36 113 17251 1 1342 688
559. 3 31 43 17251 0 772 3614
560. 3 30 41 17251 0 1902 1624
561. 3 6 97 17251 2 1356 2505
562. 3 10 23 17251 2 1649 437
563. 3 35 101 17251 1 1156 426
564. 4 2 13 17251 2 1772 2079
565. 3 4 2 17251 1 2311 2273
566. 3 36 7 17251 1 1280 1237
567. 3 18 61 17251 2 1559 647
568. 3 18 73 17251 0 1656 525
569. 4 37 7 17251 2 972 2862
570. 3 35 89 17251 2 832 3776
571. 4 21 3 17251 1 1350 1652
572. 3 6 31 17251 1 1352 16
573. 3 36 17 17251 0 2397 1401
574. 3 38 11 17251 2 942 2927
575. 4 4 17 17251 0 2387 1503
576. 3 1 97 17251 1 1320 720
577. 3 6 73 17251 2 1469 2744
578. 4 15 2 17251 0 1886 767
579. 3 27 89 17251 2 1293 1469
580. 3 20 67 17251 1 1826 3531
581. 3 19 5 17251 2 1488 831
582. 3 7 7 17251 0 2256 875
583. 3 36 83 17251 2 2305 3778
584. 3 14 101 17251 2 765 831
585. 3 21 79 17251 2 1724 3547
586. 3 4 23 17251 1 1637 1416
587. 3 14 47 17251 1 1025 1869
588. 3 32 107 17251 1 637 923
589. 4 15 2 17251 0 1920 2284
590. 3 11 67 17251 1 1145 3102
591. 3 30 53 17251 1 2083 2087
592. 3 19 31 17251 1 1880 3600
593. 4 39 5 17251 2 738 2510
594. 3 26 113 17251 1 765 3127
595. 3 16 43 17251 2 1919 1275
596. 3 25 17 17251 2 1858 1581
597. 3 2 29 17251 2 1684 2823
598. 3 20 107 17251 1 1544 2904
599. 3 3 79 17251 1 2178 1311
600. 3 22 53 17251 1 653 852
601. 3 32 31 17251 0 1909 1483
602. 3 7 2 17251 2 1948 359
603. 3 18 13 17251 2 2391 224
604. 3 38 101 17251 2 1951 11
605. 3 7 103 17251 0 2138 3059
606. 3 34 97 17251 0 2119 30
607. 3 11 61 17251 0 1501 2807
608. 3 2 73 17251 0 1997 1356
609. 3 23 113 17251 1 1812 916
610. 3 10 19 17251 1 2406 2694
611. 3 28 47 17251 1 1019 2981
612. 3 38 113 17251 0 2209 1580
613. 3 29 89 17251 0 1334 305
614. 3 36 107 17251 1 1815 1490
615. 3 5 71 17251 0 740 1613
616. 3 19 101 17251 0 2174 2142
617. 3 15 31 17251 0 1490 3794
618. 4 34 11 17251 1 1732 1157
619. 3 20 73 17251 0 1546 3465
620. 3 28 61 17251 2 943 308
621. 3 5 101 17251 1 2238 2906
622. 3 38 97 17251 0 1847 1978
623. 3 21 97 17251 2 1428 760
624. 3 21 59 17251 0 2060 1348
625. 3 11 47 17251 0 846 2967
626. 3 21 61 17251 0 1323 3577
627. 3 25 13 17251 1 880 1643
628. 3 39 29 17251 2 740 1218
629. 3 13 79 17251 0 2354 4014
630. 3 13 59 17251 0 2264 4383
631. 3 21 19 17251 2 954 551
632. 3 34 109 17251 2 722 1376
633. 3 24 43 17251 1 1479 3911
634. 3 11 43 17251 2 1607 3436
635. 3 23 23 17251 2 1300 1770
636. 3 27 113 17251 0 2353 1157
637. 3 24 83 17251 2 1041 351
638. 3 28 89 17251 2 718 2959
639. 3 36 3 17251 1 1457 2582
640. 3 28 59 17251 0 1386 1881
641. 3 1 101 17251 0 2457 1444
642. 3 8 61 17251 1 2125 3324
643. 3 3 29 17251 0 1820 3787
644. 3 39 13 17251 0 988 3600
645. 3 37 19 17251 2 1806 1103
646. 3 38 73 17251 0 2392 1469
647. 3 38 103 17251 0 1563 3988
648. 3 4 83 17251 2 2279 446
649. 3 33 41 17251 1 2324 3680
650. 4 10 13 17251 0 1174 2677
651. 3 37 113 17251 2 1739 2516
652. 3 6 89 17251 0 1271 1626
653. 4 22 11 17251 0 1306 2958
654. 3 23 83 17251 0 828 357
655. 3 29 29 17251 1 2317 2277
656. 3 27 47 17251 1 2329 847
657. 3 17 41 17251 1 671 3609
658. 3 8 107 17251 1 1258 1997
659. 4 23 5 17251 0 1708 4375
660. 3 14 29 17251 2 1249 707
661. 3 28 17 17251 0 2070 3001
662. 3 8 23 17251 0 1146 2394
663. 3 23 29 17251 1 744 2492
664. 3 21 113 17251 2 2048 1279
665. 3 39 89 17251 1 928 1923
666. 3 37 89 17251 0 1157 164
667. 3 2 47 17251 2 959 1481
668. 3 27 53 17251 1 1907 4254
669. 3 4 101 17251 1 1507 4470
670. 3 10 109 17251 2 2122 1853
671. 3 8 103 17251 1 1783 511
672. 4 15 3 17251 2 2431 2463
673. 3 27 59 17251 1 1627 1236
674. 3 38 107 17251 0 2324 109
675. 3 39 71 17251 1 749 918
676. 3 27 13 17251 1 1321 1729
677. 3 9 71 17251 0 2180 2922
678. 3 13 67 17251 0 1989 3232
679. 3 20 17 17251 0 1434 1537
680. 3 38 23 17251 0 1296 4115
681. 3 37 43 17251 0 2413 766
682. 3 33 97 17251 0 2296 4179
683. 3 24 53 17251 1 2174 4418
684. 3 24 3 17251 1 2034 2434
685. 3 5 79 17251 2 1875 1417
686. 4 4 7 17251 2 1877 543
687. 3 6 107 17251 1 1575 1494
688. 3 3 5 17251 0 839 3087
689. 3 5 5 17251 2 857 1976
690. 4 20 2 17251 2 1736 1357
691. 3 7 113 17251 1 1417 4235
692. 3 9 113 17251 2 2000 3209
693. 4 2 5 17251 2 2017 3292
694. 4 24 5 17251 2 898 3060
695. 3 16 37 17251 1 1564 1812
696. 3 9 83 17251 1 2048 1872
697. 3 13 13 17251 1 1193 4285
698. 4 19 2 17251 0 1790 798
699. 3 18 37 17251 1 2461 1174
700. 3 39 3 17251 0 2290 2723
701. 3 10 89 17251 0 1618 4245
702. 3 24 71 17251 2 1749 2151
703. 4 38 2 17251 0 727 679
704. 3 15 37 17251 1 1344 3652
705. 3 13 23 17251 0 1011 1111
706. 3 19 107 17251 0 2217 184
707. 3 18 97 17251 1 2396 2435
708. 3 1 47 17251 2 969 27
709. 3 3 31 17251 1 760 570
710. 3 28 53 17251 2 1000 3561
711. 3 13 43 17251 1 2410 1917
712. 3 5 7 17251 2 1866 1489
713. 3 9 41 17251 1 863 3532
714. 3 36 67 17251 2 945 4344
715. 3 23 79 17251 1 1903 4195
716. 3 4 61 17251 2 2378 3888
717. 3 6 5 17251 1 1038 2745
718. 3 33 71 17251 0 1786 1718
719. 3 11 73 17251 2 2120 4966
720. 3 19 61 17251 0 1647 411
721. 3 39 53 17251 0 1425 1325
722. 3 19 73 17251 2 2299 1532
723. 3 29 23 17251 0 1748 1572
724. 3 35 37 17251 2 1528 4297
725. 3 14 37 17251 0 1939 4298
726. 3 36 61 17251 0 972 4093
727. 3 14 19 17251 1 1430 887
728. 3 23 31 17251 0 1592 316
729. 3 19 79 17251 1 1053 439
730. 3 22 13 17251 2 2389 3567
731. 3 2 53 17251 0 862 1085
732. 3 26 2 17251 2 1211 2364
733. 3 32 3 17251 2 1859 2113
734. 3 2 3 17251 0 2335 781
735. 3 19 67 17251 2 947 49
736. 3 25 47 17251 2 1327 964
737. 3 14 67 17251 1 1921 1014
738. 3 28 41 17251 0 1732 500
739. 3 28 67 17251 1 2044 1192
740. 3 35 73 17251 1 783 907
741. 4 21 3 17251 1 748 2954
742. 3 25 3 17251 0 2260 2713
743. 3 17 7 17251 1 2421 3207
744. 3 35 23 17251 0 914 140
745. 3 19 23 17251 0 786 2208
746. 3 20 19 17251 0 2070 1561
747. 3 8 41 17251 0 863 4186
748. 3 34 59 17251 1 1586 227
749. 3 18 2 17251 2 815 4795
750. 3 24 67 17251 0 1841 2529
751. 3 17 5 17251 2 1739 3401
752. 3 37 37 17251 2 988 217
753. 3 8 113 17251 2 2458 525
754. 3 12 31 17251 0 1124 3917
755. 3 13 113 17251 2 1252 866
756. 3 28 7 17251 1 1928 4202
757. 3 29 83 17251 2 2442 562
758. 4 8 2 17251 2 1006 3651
759. 3 22 5 17251 0 962 3657
760. 4 13 17 17251 0 1048 4011
761. 4 28 2 17251 2 792 5279
762. 3 27 11 17251 1 974 2224
763. 3 8 109 17251 0 2274 4467
764. 3 37 5 17251 1 2445 4783
765. 3 28 5 17251 1 1650 1321
766. 3 29 37 17251 1 825 571
767. 3 24 79 17251 1 1453 4376
768. 4 6 17 17251 2 892 4201
769. 3 9 89 17251 1 2134 4105
770. 3 27 61 17251 1 2415 4969
771. 4 3 41 17251 0 851 4004
772. 3 32 29 17251 0 1040 2595
773. 3 39 97 17251 1 807 816
774. 3 1 113 17251 2 2366 1767
775. 3 22 43 17251 1 1033 2033
776. 3 33 11 17251 1 939 2163
777. 3 7 11 17251 2 1934 4420
778. 3 38 3 17251 2 2096 1978
779. 4 28 19 17251 1 1687 4257
780. 3 5 113 17251 2 1706 4873
781. 4 23 19 17251 2 2455 1543
782. 3 15 11 17251 1 1568 3248
783. 3 9 79 17251 0 1862 1952
784. 3 3 59 17251 1 1372 739
785. 3 33 7 17251 2 1193 5125
786. 3 15 41 17251 2 1000 1800
787. 3 3 107 17251 2 2369 5258
788. 3 34 7 17251 0 1150 3823
789. 3 4 113 17251 2 984 2986
790. 4 13 7 17251 2 1270 1657
791. 3 8 53 17251 1 955 3688
792. 3 1 23 17251 2 1066 3560
793. 3 0 109 17251 1 2343 2456
794. 3 13 73 17251 2 2374 5199
795. 3 28 3 17251 1 1721 3000
796. 3 39 2 17251 2 1377 5450
797. 3 17 83 17251 0 2162 4373
798. 3 30 61 17251 0 1329 4654
799. 3 3 37 17251 2 1977 3932
800. 3 12 103 17251 1 1698 2938
801. 3 12 43 17251 2 1260 614
802. 3 38 79 17251 2 1943 563
803. 3 18 31 17251 1 949 2661
804. 3 26 41 17251 0 1949 1474
805. 3 27 73 17251 1 2220 5033
806. 3 25 31 17251 1 931 1464
807. 3 9 97 17251 2 1253 4715
808. 3 6 59 17251 1 2372 4798
809. 3 10 83 17251 0 2402 2034
810. 3 33 19 17251 0 1669 826
811. 3 23 71 17251 0 859 417
812. 3 25 5 17251 0 1335 5162
813. 3 39 79 17251 1 2197 4707
814. 4 16 5 17251 2 1674 3863
815. 3 16 97 17251 2 2040 2707
816. 3 29 7 17251 2 1590 2838
817. 3 8 67 17251 2 1965 1399
818. 3 38 19 17251 2 2158 3767
819. 3 34 53 17251 1 1816 753
820. 3 1 103 17251 2 2145 4116
821. 3 11 89 17251 1 1822 3239
822. 3 24 97 17251 1 1902 962
823. 3 30 47 17251 0 897 802
824. 3 15 29 17251 2 1943 468
825. 3 30 71 17251 1 1975 2733
826. 3 27 29 17251 1 1673 5474
827. 3 0 3 17251 1 1873 3047
828. 3 7 17 17251 2 1828 4577
829. 4 5 2 17251 1 1488 5148
830. 3 29 41 17251 2 1582 2686
831. 3 23 101 17251 1 1347 3849
832. 3 0 19 17251 2 1260 464
833. 3 5 89 17251 2 1512 503
834. 3 6 29 17251 1 1448 145
835. 3 13 19 17251 2 1760 2905
836. 3 27 79 17251 1 1196 1302
837. 3 2 41 17251 1 1614 91
838. 3 18 79 17251 2 998 4975
839. 3 16 113 17251 0 2146 5096
840. 3 34 43 17251 0 1204 114
841. 3 11 83 17251 2 949 1233
842. 3 27 43 17251 2 2076 616
843. 3 0 71 17251 0 1586 3148
844. 3 1 107 17251 2 1756 1500
845. 3 13 97 17251 1 2140 523
846. 3 23 11 17251 2 1945 3758
847. 3 4 67 17251 1 2404 4390
848. 4 1 83 17251 0 2131 3194
849. 3 18 83 17251 0 985 3716
850. 3 36 109 17251 0 1378 5737
851. 3 22 29 17251 1 1245 2806
852. 3 30 79 17251 2 1018 3437
853. 3 2 89 17251 0 1009 5229
854. 3 34 73 17251 2 2151 1621
855. 4 28 2 17251 1 1846 1246
856. 3 30 73 17251 0 2217 200
857. 3 4 5 17251 0 974 2161
858. 3 22 41 17251 1 2125 4773
859. 3 23 41 17251 2 964 1716
860. 3 9 23 17251 0 1644 5746
861. 3 39 43 17251 1 1237 1884
862. 3 29 109 17251 1 2180 846
863. 3 5 19 17251 2 2396 1638
864. 3 25 89 17251 1 1910 1951
865. 3 12 17 17251 0 1801 2474
866. 3 28 23 17251 2 2337 432
867. 3 26 59 17251 1 1227 41
868. 3 17 61 17251 1 1415 3310
869. 3 11 3 17251 2 2313 124
870. 3 35 53 17251 1 1322 4536
871. 3 11 13 17251 2 1389 2805
872. 4 7 5 17251 2 1217 814
873. 3 1 67 17251 2 1600 90
874. 3 0 13 17251 0 2328 1255
875. 3 6 67 17251 2 1297 1309
876. 3 35 2 17251 1 1972 1226
877. 3 30 29 17251 2 1829 877
878. 3 10 11 17251 0 1803 3263
879. 3 6 109 17251 2 1383 580
880. 3 4 97 17251 2 2459 4060
881. 3 2 101 17251 0 1330 1056
882. 3 23 97 17251 0 1416 4985
883. 3 20 71 17251 2 2384 852
884. 3 37 29 17251 2 1510 6069
885. 3 39 101 17251 1 1849 5027
886. 3 11 23 17251 2 1484 2591
887. 3 11 71 17251 2 2455 4443
888. 3 23 103 17251 0 1631 3139
889. 3 3 97 17251 1 2272 1182
890. 3 26 23 17251 1 2335 4194
891. 3 24 2 17251 1 1009 5937
892. 3 20 101 17251 2 1023 2721
893. 3 27 23 17251 1 2020 1068
894. 3 33 73 17251 1 1154 2948
895. 3 36 11 17251 1 2245 4399
896. 3 8 17 17251 0 2220 3313
897. 3 35 3 17251 0 995 3756
898. 3 11 97 17251 1 2284 1112
899. 3 17 13 17251 0 2002 209
900. 3 22 107 17251 0 2202 4691
901. 3 22 2 17251 2 1451 958
902. 3 0 2 17251 2 1790 5551
903. 3 3 19 17251 2 1988 2315
904. 3 23 59 17251 2 2111 3668
905. 3 8 19 17251 2 1370 4830
906. 3 36 23 17251 2 1732 3570
907. 3 30 3 17251 1 1911 589
908. 3 38 41 17251 1 1071 3807
909. 3 18 103 17251 0 918 4944
910. 3 37 11 17251 1 1056 4937
911. 3 13 3 17251 2 1890 5490
912. 3 25 41 17251 0 2214 1613
913. 3 18 11 17251 0 1533 2852
914. 3 20 89 17251 1 1461 4824
915. 3 36 89 17251 2 1024 3482
916. 3 7 79 17251 2 2421 5918
917. 3 1 5 17251 0 2093 4988
918. 3 20 47 17251 2 1796 2806
919. 3 22 101 17251 0 2109 2916
920. 3 38 13 17251 2 1276 3476
921. 3 26 3 17251 1 1686 2168
922. 3 23 89 17251 0 1449 5810
923. 3 20 7 17251 0 2047 1293
924. 3 8 13 17251 2 1946 1497
925. 3 14 31 17251 1 2314 319
926. 3 17 23 17251 1 1462 786
927. 3 14 3 17251 2 1380 3467
928. 3 16 3 17251 2 1511 4972
929. 3 19 83 17251 1 990 5312
930. 3 26 7 17251 2 2075 874
931. 3 13 61 17251 0 1965 3171
932. 4 27 7 17251 2 1968 1285
933. 3 12 3 17251 1 1706 4780
934. 3 22 67 17251 2 1211 3392
935. 3 21 71 17251 0 1505 1860
936. 3 6 53 17251 0 1324 1096
937. 3 34 13 17251 1 1077 5896
938. 3 29 67 17251 1 1585 1580
939. 3 34 29 17251 0 1977 742
940. 3 17 101 17251 0 1177 5125
941. 3 17 29 17251 1 1043 1104
942. 3 39 47 17251 1 1214 4746
943. 3 16 109 17251 1 1520 2730
944. 4 14 97 17251 0 2174 6380
945. 3 14 13 17251 1 1680 3330
946. 3 26 47 17251 2 2024 3096
947. 3 13 31 17251 1 1587 2239
948. 3 0 83 17251 1 1775 2851
949. 3 34 113 17251 0 1629 427
950. 3 17 73 17251 1 1257 4747
951. 3 17 71 17251 0 1226 2378
952. 3 37 17 17251 1 1890 3427
953. 3 16 73 17251 0 1098 6602
954. 3 19 41 17251 0 1595 3731
955. 3 27 71 17251 2 1235 413
956. 3 34 31 17251 1 2395 6242
957. 3 22 79 17251 1 1586 2207
958. 3 15 19 17251 1 965 433
959. 3 6 37 17251 1 1836 1570
960. 3 27 37 17251 2 1213 5415
961. 4 27 2 17251 1 1259 6276
962. 3 38 5 17251 0 1673 4828
963. 3 12 41 17251 2 1741 3563
964. 3 35 29 17251 0 2449 2961
965. 3 27 103 17251 1 1026 1523
966. 3 15 47 17251 1 1419 6503
967. 3 5 47 17251 2 1120 3577
968. 3 29 17 17251 1 1747 1329
969. 3 11 59 17251 0 1765 792
970. 3 15 61 17251 2 2401 1577
971. 3 34 19 17251 2 1506 2008
972. 4 17 3 17251 1 1062 5980
973. 3 34 83 17251 1 2145 4948
974. 3 27 109 17251 1 2068 3811
975. 3 7 43 17251 0 2113 1964
976. 3 10 79 17251 1 1736 6274
977. 3 35 71 17251 0 1239 4939
978. 3 38 61 17251 1 1365 4205
979. 3 22 47 17251 0 2277 5384
980. 3 12 83 17251 2 1971 1704
981. 4 17 2 17251 1 1236 4816
982. 3 30 101 17251 1 1553 2698
983. 3 7 107 17251 0 1976 748
984. 3 29 97 17251 0 2255 2269
985. 3 10 61 17251 2 1705 5563
986. 3 30 37 17251 0 1248 6585
987. 3 29 31 17251 1 2374 3119
988. 4 6 7 17251 0 1254 2358
989. 3 32 89 17251 0 1139 2912
990. 3 21 103 17251 0 1374 5588
991. 3 21 37 17251 2 1014 2976
992. 3 25 59 17251 1 2069 5952
993. 3 17 109 17251 0 2437 2370
994. 3 18 47 17251 0 2349 4373
995. 3 30 2 17251 1 1204 4353
996. 3 25 113 17251 0 2271 1698
997. 3 18 43 17251 0 2382 5983
998. 3 20 29 17251 2 1168 3926
999. 3 26 73 17251 1 1501 3483
1000. 3 36 2 17251 0 1127 1788
1001. 3 22 31 17251 2 2085 5208
1002. 3 26 103 17251 2 1992 21
1003. 3 33 107 17251 1 2007 6040
1004. 4 27 2 17251 0 2212 3763
1005. 3 17 67 17251 2 1276 1209
1006. 3 32 83 17251 0 1144 6196
1007. 3 31 53 17251 0 1710 1569
1008. 3 2 97 17251 0 2034 1846
1009. 3 32 47 17251 1 1157 6543
1010. 3 5 97 17251 0 1481 2705
1011. 3 24 13 17251 1 1745 5547
1012. 3 33 17 17251 1 2030 2984
1013. 4 16 19 17251 1 1288 2632
1014. 3 39 59 17251 0 1919 1773
1015. 3 5 13 17251 2 2005 6272
1016. 3 14 79 17251 1 1080 5536
1017. 3 23 53 17251 0 1703 251
1018. 3 19 113 17251 1 2125 5932
1019. 3 8 89 17251 0 1782 6362
1020. 3 18 19 17251 0 2029 1534
1021. 3 26 37 17251 2 2034 3723
1022. 3 26 29 17251 2 1672 4200
1023. 4 5 2 17251 2 1153 6446
1024. 3 36 97 17251 1 1374 3460
1025. 3 4 11 17251 2 1744 900
1026. 3 38 43 17251 1 1557 4612
1027. 4 18 101 17251 0 1564 5303
1028. 3 15 103 17251 0 2335 2585
1029. 3 37 59 17251 2 1988 6065
1030. 3 27 97 17251 2 1691 2946
1031. 3 32 7 17251 2 2447 1158
1032. 3 5 107 17251 0 1252 4392
1033. 3 39 109 17251 0 2408 3907
1034. 3 13 29 17251 1 1733 5190
1035. 3 15 83 17251 0 1493 6177
1036. 3 24 103 17251 2 1803 5731
1037. 3 7 71 17251 0 1590 6790
1038. 3 5 61 17251 2 1051 5487
1039. 3 22 83 17251 0 1616 943
1040. 3 38 17 17251 1 1934 323
1041. 4 0 67 17251 0 2406 6527
1042. 3 0 29 17251 1 1284 5794
1043. 3 7 13 17251 0 1467 264
1044. 3 7 31 17251 1 2432 6724
1045. 3 10 43 17251 2 1283 3355
1046. 4 8 29 17251 0 2443 5239
1047. 3 18 113 17251 2 1414 2711
1048. 3 21 47 17251 2 1094 3530
1049. 4 9 13 17251 1 1219 6769
1050. 4 29 101 17251 2 2232 27
1051. 3 35 47 17251 2 1124 3144
1052. 3 21 89 17251 2 2075 1549
1053. 3 17 53 17251 0 2285 3504
1054. 3 20 13 17251 1 2439 4316
1055. 3 21 83 17251 1 2261 1339
1056. 3 8 5 17251 2 1840 4272
1057. 3 24 29 17251 0 1327 6777
1058. 3 17 107 17251 1 1384 1873
1059. 3 20 5 17251 0 2403 1564
1060. 3 38 89 17251 1 1567 448
1061. 3 38 67 17251 1 2421 7279
1062. 3 3 11 17251 1 2446 6101
1063. 3 24 59 17251 2 1495 6178
1064. 3 16 17 17251 2 1319 2787
1065. 3 25 53 17251 0 2324 1673
1066. 3 4 31 17251 2 2114 2406
1067. 3 24 7 17251 1 1382 745
1068. 4 11 2 17251 0 1697 3517
1069. 3 18 59 17251 2 1623 1368
1070. 4 5 2 17251 2 2329 1301
1071. 3 17 43 17251 1 2153 6198
1072. 3 31 67 17251 2 2419 4521
1073. 3 26 31 17251 1 1157 1546
1074. 3 39 11 17251 1 1953 1299
1075. 3 32 23 17251 1 1129 5800
1076. 3 7 67 17251 1 1132 4603
1077. 3 17 47 17251 1 1570 3239
1078. 3 20 103 17251 1 1862 5694
1079. 3 19 43 17251 1 1289 4953
1080. 3 27 19 17251 1 1184 2302
1081. 3 5 53 17251 1 1518 7390
1082. 3 21 41 17251 1 1967 3669
1083. 3 8 59 17251 0 2185 2242
1084. 3 9 3 17251 0 1483 4722
1085. 3 6 113 17251 2 1970 6077
1086. 3 38 31 17251 0 1904 4036
1087. 3 32 67 17251 0 1665 6612
1088. 3 34 37 17251 0 1645 6933
1089. 4 31 17 17251 0 1844 6054
1090. 3 6 47 17251 1 1648 1227
1091. 3 7 83 17251 2 2017 7249
1092. 3 1 79 17251 0 1425 3975
1093. 3 35 43 17251 0 1318 181
1094. 3 28 79 17251 0 1696 5664
1095. 3 34 79 17251 2 2204 4680
1096. 3 34 41 17251 2 1930 6759
1097. 3 24 31 17251 1 2127 7511
1098. 3 22 59 17251 1 2075 3248
1099. 3 26 19 17251 1 1987 1160
1100. 3 33 103 17251 1 2414 1150
1101. 3 24 73 17251 1 1125 3032
1102. 3 38 37 17251 2 1617 2450
1103. 3 8 47 17251 1 1564 1976
1104. 3 6 2 17251 1 1545 7572
1105. 3 30 23 17251 0 1424 7463
1106. 3 17 113 17251 1 1937 612
1107. 3 21 109 17251 0 2394 4038
1108. 3 31 83 17251 0 2262 560
1109. 3 5 59 17251 1 1661 2647
1110. 3 12 37 17251 1 1284 2338
1111. 3 37 107 17251 0 1829 947
1112. 4 19 2 17251 2 1562 4203
1113. 3 25 43 17251 1 2078 5558
1114. 3 20 59 17251 0 1864 235
1115. 4 5 3 17251 0 1265 5264
1116. 4 9 2 17251 1 1344 1072
1117. 3 31 101 17251 2 2002 6856
1118. 3 15 97 17251 0 2343 7619
1119. 3 9 31 17251 1 2364 871
1120. 3 38 71 17251 2 1666 3193
1121. 3 9 101 17251 2 1887 5566
1122. 3 33 61 17251 2 2058 7153
1123. 3 32 59 17251 1 1494 1966
1124. 3 8 83 17251 1 1224 7749
1125. 3 22 73 17251 2 2362 3495
1126. 3 3 7 17251 2 2329 1560
1127. 3 6 11 17251 2 1468 4182
1128. 3 3 73 17251 0 2350 7658
1129. 3 1 2 17251 0 2278 5109
1130. 3 5 37 17251 1 1810 4646
1131. 3 3 53 17251 2 2119 6029
1132. 3 28 43 17251 2 1856 6563
1133. 3 33 89 17251 2 2146 3115
1134. 3 13 47 17251 1 2369 7661
1135. 3 18 107 17251 2 1784 3145
1136. 3 35 17 17251 1 2024 345
1137. 4 30 5 17251 1 1283 3587
1138. 3 15 67 17251 0 1191 2877
1139. 3 32 37 17251 0 1981 3771
1140. 3 2 61 17251 2 1199 830
1141. 3 31 71 17251 2 1637 2578
1142. 3 20 31 17251 1 2157 1581
1143. 3 34 89 17251 1 1873 5493
1144. 3 22 109 17251 0 1280 3722
1145. 4 5 2 17251 0 1834 6016
1146. 3 36 31 17251 0 1257 5108
1147. 3 22 89 17251 1 1759 1279
1148. 3 3 2 17251 2 2311 5056
1149. 3 8 101 17251 2 1433 5184
1150. 3 10 3 17251 1 2130 175
1151. 3 10 73 17251 1 1263 7342
1152. 3 1 31 17251 1 1469 3783
1153. 3 36 53 17251 0 1482 5399
1154. 3 16 107 17251 0 2138 1356
1155. 3 1 37 17251 1 1317 8033
1156. 3 0 43 17251 0 2414 7552
1157. 3 20 113 17251 1 1915 728
1158. 3 18 67 17251 2 1625 2325
1159. 3 26 71 17251 0 1378 5726
1160. 3 4 41 17251 1 1350 701
1161. 3 26 43 17251 0 1519 1793
1162. 3 9 11 17251 2 1754 5741
1163. 3 16 59 17251 1 2107 4737
1164. 3 31 103 17251 0 1911 1685
1165. 3 35 59 17251 0 1240 4925
1166. 4 36 5 17251 0 1766 2976
1167. 3 4 53 17251 1 1587 6074
1168. 3 35 19 17251 1 1364 7539
1169. 3 31 3 17251 1 1729 3345
1170. 3 10 41 17251 1 1292 6670
1171. 3 31 19 17251 0 2045 2663
1172. 3 8 3 17251 2 2277 2320
1173. 3 7 23 17251 2 1272 1339
1174. 3 17 37 17251 1 2245 4058
1175. 4 15 3 17251 1 2457 7726
1176. 3 5 103 17251 1 1641 5081
1177. 3 17 17 17251 1 1545 3753
1178. 3 13 101 17251 0 1671 2853
1179. 3 32 17 17251 2 2182 3997
1180. 4 35 5 17251 1 1941 2373
1181. 3 16 53 17251 2 1985 6038
1182. 3 1 19 17251 1 1730 3795
1183. 3 12 89 17251 1 1687 2975
1184. 3 12 29 17251 2 2328 2058
1185. 4 37 7 17251 2 2262 2514
1186. 3 33 2 17251 0 2299 309
1187. 3 17 31 17251 1 2033 1947
1188. 3 28 101 17251 2 2063 828
1189. 3 21 101 17251 0 2113 3135
1190. 3 10 29 17251 0 2113 5831
1191. 3 13 107 17251 0 1520 2899
1192. 3 13 53 17251 1 1300 4714
1193. 3 26 107 17251 2 1753 2351
1194. 3 8 11 17251 2 1266 639
1195. 3 12 97 17251 1 1839 6942
1196. 3 39 67 17251 1 2218 1472
1197. 3 9 59 17251 0 1440 6259
1198. 3 20 11 17251 0 1469 4924
1199. 3 35 103 17251 0 1563 5018
1200. 3 0 7 17251 1 1820 8058
1201. 3 22 113 17251 1 1639 7754
1202. 3 10 5 17251 2 1990 7951
1203. 3 10 71 17251 1 2124 958
1204. 3 31 29 17251 1 2175 6846
1205. 3 23 2 17251 2 1592 985
1206. 3 15 71 17251 1 1359 7221
1207. 3 5 31 17251 0 2141 4455
1208. 3 15 53 17251 0 2022 880
1209. 3 34 47 17251 2 1539 7646
1210. 3 16 61 17251 0 2011 6497
1211. 3 29 43 17251 1 1481 6386
1212. 3 11 103 17251 2 1596 2402
1213. 3 15 7 17251 1 1323 5719
1214. 3 7 101 17251 2 2320 3485
1215. 3 31 11 17251 2 1330 6184
1216. 3 31 13 17251 0 1353 5317
1217. 3 10 53 17251 1 2019 7020
1218. 3 10 97 17251 0 1818 1829
1219. 3 31 31 17251 0 1837 5703
1220. 3 20 83 17251 0 2288 7680
1221. 3 29 53 17251 0 2369 7965
1222. 3 33 83 17251 2 1781 630
1223. 3 34 17 17251 0 1644 6639
1224. 3 5 29 17251 2 2177 8404
1225. 3 33 53 17251 2 2449 1114
1226. 3 15 109 17251 1 1796 8187
1227. 3 32 101 17251 1 2209 4199
1228. 3 32 103 17251 1 1888 8231
1229. 3 19 11 17251 0 2120 1689
1230. 3 30 11 17251 2 1686 1849
1231. 3 7 53 17251 1 2035 2401
1232. 3 0 2 17251 1 1934 2990
1233. 3 0 3 17251 0 1661 8550
1234. 3 0 5 17251 0 1997 7162
1235. 3 0 7 17251 1 1283 2155
1236. 3 0 11 17251 2 1241 3656
1237. 3 0 13 17251 1 1743 4604
1238. 3 0 17 17251 0 1328 5174
1239. 3 0 19 17251 2 1323 5396
1240. 3 0 23 17251 0 1360 3577
1241. 3 0 29 17251 0 1966 2698
1242. 3 0 31 17251 0 1799 7068
1243. 3 0 37 17251 0 1689 2771
1244. 3 0 41 17251 1 2121 6120
1245. 3 0 43 17251 2 1535 2482
1246. 3 0 47 17251 1 1793 18
1247. 3 0 53 17251 2 1925 1892
1248. 3 0 59 17251 2 1487 4061
1249. 3 0 61 17251 0 1765 2687
1250. 3 0 67 17251 1 1959 4930
1251. 3 0 71 17251 1 1955 4779
1252. 3 0 73 17251 0 2046 1745
1253. 3 0 79 17251 0 1731 1526
1254. 3 0 83 17251 1 1358 4123
1255. 3 0 89 17251 1 1294 7677
1256. 3 0 97 17251 2 1867 6718
1257. 3 0 101 17251 0 1296 7226
1258. 3 0 103 17251 1 2332 3201
1259. 3 0 107 17251 2 1866 3723
1260. 3 0 109 17251 1 1568 520
1261. 3 0 113 17251 2 2286 7781
1262. 3 1 2 17251 1 1461 2666
1263. 3 1 3 17251 1 2407 4319
1264. 3 1 5 17251 0 1517 6707
1265. 3 1 7 17251 2 2128 1573
1266. 3 1 11 17251 1 2291 8558
1267. 3 1 13 17251 0 2170 665
1268. 3 1 17 17251 1 1613 8314
1269. 3 1 19 17251 0 1526 2637
1270. 3 1 23 17251 1 1550 5631
1271. 3 1 29 17251 1 1674 8322
1272. 3 1 31 17251 0 1466 2854
1273. 3 1 37 17251 0 2331 4879
1274. 3 1 41 17251 1 1721 3200
1275. 3 1 43 17251 2 1734 382
1276. 3 1 47 17251 1 1497 3396
1277. 3 1 53 17251 1 1316 518
1278. 3 1 59 17251 0 2310 280
1279. 3 1 61 17251 1 2231 5431
1280. 3 1 67 17251 0 1551 4193
1281. 3 1 71 17251 0 1719 6144
1282. 3 1 73 17251 2 2155 5695
1283. 3 1 79 17251 0 1347 8508
1284. 3 1 83 17251 1 1591 5252
1285. 3 1 89 17251 0 1355 2821
1286. 3 1 97 17251 1 2064 4711
1287. 3 1 101 17251 2 1778 8269
1288. 3 1 103 17251 2 2284 3416
1289. 3 1 107 17251 1 2305 2507
1290. 3 1 109 17251 1 1922 7946
1291. 3 1 113 17251 2 1337 6281
1292. 3 2 2 17251 0 1310 6518
1293. 3 2 3 17251 2 2304 5592
1294. 3 2 5 17251 2 1671 6832
1295. 3 2 7 17251 0 1468 3420
1296. 3 2 11 17251 0 2158 3888
1297. 3 2 13 17251 1 2392 2532
1298. 3 2 17 17251 2 2013 3886
1299. 3 2 19 17251 0 1482 3090
1300. 3 2 23 17251 0 1930 4912
1301. 3 2 29 17251 1 2108 8626
1302. 3 2 31 17251 1 1604 6519
1303. 3 2 37 17251 2 2248 8346
1304. 3 2 41 17251 0 1849 2526
1305. 3 2 43 17251 2 2388 539
1306. 3 2 47 17251 0 1826 1537
1307. 3 2 53 17251 1 1931 4997
1308. 3 2 59 17251 0 2319 2437
1309. 3 2 61 17251 2 1858 4222
1310. 3 2 67 17251 1 2003 7715
1311. 3 2 71 17251 2 2258 2171
1312. 3 2 73 17251 2 2003 6768
1313. 3 2 79 17251 2 2257 5256
1314. 3 2 83 17251 2 2171 366
1315. 3 2 89 17251 1 1783 2932
1316. 3 2 97 17251 1 1768 5886
1317. 3 2 101 17251 0 1995 7422
1318. 3 2 103 17251 1 1980 4568
1319. 3 2 107 17251 2 1485 1429
1320. 3 2 109 17251 0 1979 6459
1321. 3 2 113 17251 2 2189 1962
1322. 3 3 2 17251 1 2118 223
1323. 3 3 3 17251 0 2333 8386
1324. 3 3 5 17251 1 2444 6069
1325. 3 3 7 17251 1 1510 95
1326. 3 3 11 17251 0 1404 1315
1327. 3 3 13 17251 1 2061 829
1328. 3 3 17 17251 1 1826 1600
1329. 3 3 19 17251 0 1550 6953
1330. 3 3 23 17251 1 1697 2457
1331. 3 3 29 17251 0 2453 2985
1332. 3 3 31 17251 0 1457 7686
1333. 3 3 37 17251 0 1840 2108
1334. 3 3 41 17251 0 1926 7458
1335. 3 3 43 17251 1 1641 829
1336. 3 3 47 17251 2 1943 8357
1337. 3 3 53 17251 0 1919 2924
1338. 3 3 59 17251 1 2389 4497
1339. 3 3 61 17251 0 2033 2343
1340. 3 3 67 17251 2 1515 3022
1341. 3 3 71 17251 2 1880 6027
1342. 3 3 73 17251 2 2381 3776
1343. 3 3 79 17251 0 2297 7260
1344. 3 3 83 17251 0 1885 133
1345. 3 3 89 17251 1 1727 3922
1346. 3 3 97 17251 2 1415 363
1347. 3 3 101 17251 2 2208 5946
1348. 3 3 103 17251 2 2298 3570
1349. 3 3 107 17251 2 1703 4043
1350. 3 3 109 17251 1 2359 6490
1351. 3 3 113 17251 2 1837 9081
1352. 3 4 2 17251 1 1728 3089
1353. 3 4 3 17251 2 1857 8301
1354. 3 4 5 17251 0 2037 5833
1355. 3 4 7 17251 2 2102 2284
1356. 3 4 11 17251 1 2400 8413
1357. 3 4 13 17251 1 1745 1150
1358. 3 4 17 17251 1 2091 4257
1359. 3 4 19 17251 1 2215 878
1360. 3 4 23 17251 1 1664 142
1361. 3 4 29 17251 1 2159 41
1362. 3 4 31 17251 0 1837 585
1363. 3 4 37 17251 0 1633 780
1364. 3 4 41 17251 1 1833 7531
1365. 3 4 43 17251 0 1648 6110
1366. 3 4 47 17251 1 1472 8456
1367. 3 4 53 17251 0 1877 433
1368. 3 4 59 17251 1 2014 382
1369. 3 4 61 17251 2 2373 475
1370. 3 4 67 17251 1 1695 1902
1371. 3 4 71 17251 2 2406 6076
1372. 3 4 73 17251 0 2152 4606
1373. 3 4 79 17251 2 1551 8358
1374. 3 4 83 17251 0 1920 1104
1375. 3 4 89 17251 2 1565 2625
1376. 3 4 97 17251 1 1585 6547
1377. 3 4 101 17251 0 2021 8788
1378. 3 4 103 17251 0 1965 3831
1379. 3 4 107 17251 1 2313 4259
1380. 3 4 109 17251 0 1390 6104
1381. 3 4 113 17251 1 2299 5658
1382. 3 5 2 17251 1 1980 2153
1383. 3 5 3 17251 1 1834 3518
1384. 3 5 5 17251 2 2350 8496
1385. 3 5 7 17251 2 2381 4049
1386. 3 5 11 17251 0 2461 4775
1387. 3 5 13 17251 2 1682 8663
1388. 3 5 17 17251 1 1566 5218
1389. 3 5 19 17251 0 1503 404
1390. 3 5 23 17251 2 1753 4690
1391. 3 5 29 17251 2 1680 5279
1392. 3 5 31 17251 2 2421 1262
1393. 3 5 37 17251 2 1597 7495
1394. 3 5 41 17251 0 1553 2784
1395. 3 5 43 17251 1 2231 783
1396. 3 5 47 17251 1 2026 8741
1397. 3 5 53 17251 2 1624 6266
1398. 3 5 59 17251 2 2349 1244
1399. 3 5 61 17251 2 2054 7258
1400. 3 5 67 17251 2 1846 4663
1401. 3 5 71 17251 0 1940 1678
1402. 3 5 73 17251 1 1871 5746
1403. 3 5 79 17251 2 1934 9811
1404. 3 5 83 17251 2 1798 4049
1405. 3 5 89 17251 2 1991 9625
1406. 3 5 97 17251 1 1783 5598
1407. 3 5 101 17251 1 1585 3076
1408. 3 5 103 17251 2 1708 9421
1409. 3 5 107 17251 2 1781 3593
1410. 3 5 109 17251 2 1507 4167
1411. 3 5 113 17251 2 1941 515
1412. 3 6 2 17251 0 1925 649
1413. 3 6 3 17251 1 1807 3132
1414. 3 6 5 17251 2 2360 7872
1415. 3 6 7 17251 0 1543 2422
1416. 3 6 11 17251 1 2287 2100
1417. 3 6 13 17251 0 1505 4614
1418. 3 6 17 17251 2 1652 7554
1419. 3 6 19 17251 1 1899 3352
1420. 3 6 23 17251 1 2089 8238
1421. 3 6 29 17251 0 1485 6833
1422. 3 6 31 17251 2 1859 8548
1423. 3 6 37 17251 0 1895 1502
1424. 3 6 41 17251 2 2077 5202
1425. 3 6 43 17251 0 1813 2322
1426. 3 6 47 17251 1 1535 5716
1427. 3 6 53 17251 1 2305 7451
1428. 3 6 59 17251 2 1550 5528
1429. 3 6 61 17251 1 1993 4143
1430. 3 6 67 17251 2 1969 6021
1431. 3 6 71 17251 1 1786 4915
1432. 3 6 73 17251 2 1907 2832
1433. 3 6 79 17251 1 1751 5324
1434. 3 6 83 17251 1 2100 5293
1435. 3 6 89 17251 1 1579 1452
1436. 3 6 97 17251 0 2418 5611
1437. 3 6 101 17251 2 1807 6451
1438. 3 6 103 17251 0 2096 9257
1439. 3 6 107 17251 2 1444 8944
1440. 3 6 109 17251 0 1582 1987
1441. 3 6 113 17251 1 1567 2786
1442. 3 7 2 17251 1 1791 4304
1443. 3 7 3 17251 2 2102 955
1444. 3 7 5 17251 1 2341 8808
1445. 3 7 7 17251 1 1688 1677
1446. 3 7 11 17251 0 2008 4155
1447. 3 7 13 17251 0 2054 2676
1448. 3 7 17 17251 1 2182 2548
1449. 3 7 19 17251 2 1540 3865
1450. 3 7 23 17251 0 1836 6472
1451. 3 7 29 17251 1 2322 9990
1452. 3 7 31 17251 2 2322 9349
1453. 3 7 37 17251 2 1644 6028
1454. 3 7 41 17251 1 1808 1134
1455. 3 7 43 17251 1 2431 8485
1456. 3 7 47 17251 2 2156 5114
1457. 3 7 53 17251 1 1930 456
1458. 3 7 59 17251 0 1811 2352
1459. 3 7 61 17251 0 1867 2759
1460. 3 7 67 17251 1 2007 683
1461. 3 7 71 17251 1 1649 1406
1462. 3 7 73 17251 1 2457 2644
1463. 3 7 79 17251 0 2074 2378
1464. 3 7 83 17251 2 2160 9365
1465. 3 7 89 17251 0 2440 7771
1466. 3 7 97 17251 2 2435 5879
1467. 3 7 101 17251 2 2347 3518
1468. 3 7 103 17251 0 1576 769
1469. 3 7 107 17251 1 2183 2454
1470. 3 7 109 17251 1 2419 1390
1471. 3 7 113 17251 0 1585 676
1472. 3 8 2 17251 1 1833 10224
1473. 3 8 3 17251 1 1659 2658
1474. 3 8 5 17251 1 1913 9088
1475. 3 8 7 17251 0 2265 5784
1476. 3 8 11 17251 1 2430 2883
1477. 3 8 13 17251 1 1835 457
1478. 3 8 17 17251 2 1579 3332
1479. 3 8 19 17251 2 2104 1297
1480. 3 8 23 17251 2 1625 6473
1481. 3 8 29 17251 2 2329 4545
1482. 3 8 31 17251 2 1632 1360
1483. 3 8 37 17251 1 2406 2877
1484. 3 8 41 17251 0 1570 5131
1485. 3 8 43 17251 0 1929 1531
1486. 3 8 47 17251 2 2192 678
1487. 3 8 53 17251 1 2455 8678
1488. 3 8 59 17251 0 2276 1663
1489. 3 8 61 17251 0 2137 9170
1490. 3 8 67 17251 0 2278 10002
1491. 3 8 71 17251 1 1872 3532
1492. 3 8 73 17251 2 2148 8449
1493. 3 8 79 17251 2 2208 1579
1494. 3 8 83 17251 2 2426 6380
1495. 3 8 89 17251 2 1733 1010
1496. 3 8 97 17251 1 2425 754
1497. 3 8 101 17251 0 1998 4120
1498. 3 8 103 17251 1 1895 8195
1499. 3 8 107 17251 2 1856 4079
1500. 3 8 109 17251 1 2006 9860
1501. 3 8 113 17251 2 1569 8641
1502. 3 9 2 17251 2 1851 4172
1503. 3 9 3 17251 2 2250 7181
1504. 3 9 5 17251 2 1963 1683
1505. 3 9 7 17251 0 2266 9523
1506. 3 9 11 17251 2 2295 5639
1507. 3 9 13 17251 1 2131 8021
1508. 3 9 17 17251 2 2103 8278
1509. 3 9 19 17251 0 2459 9839
1510. 3 9 23 17251 1 2022 5074
1511. 3 9 29 17251 1 1898 678
1512. 3 9 31 17251 2 2189 1819
1513. 3 9 37 17251 0 1938 6402
1514. 3 9 41 17251 2 2258 5637
1515. 3 9 43 17251 0 2440 9950
1516. 3 9 47 17251 2 2034 5395
1517. 3 9 53 17251 1 1922 9872
1518. 3 9 59 17251 1 2102 7031
1519. 3 9 61 17251 2 1631 5170
1520. 3 9 67 17251 2 1798 2867
1521. 3 9 71 17251 2 2427 9850
1522. 3 9 73 17251 1 1932 4936
1523. 3 9 79 17251 2 2074 2906
1524. 3 9 83 17251 0 1967 10494
1525. 3 9 89 17251 1 2080 5372
1526. 3 9 97 17251 1 1528 3242
1527. 3 9 101 17251 0 2322 9117
1528. 3 9 103 17251 1 1981 9181
1529. 3 9 107 17251 0 1682 148
1530. 3 9 109 17251 1 2424 2161
1531. 3 9 113 17251 1 2284 9774
1532. 3 10 2 17251 0 2444 6014
1533. 3 10 3 17251 1 2376 1909
1534. 3 10 5 17251 0 1943 3684
1535. 3 10 7 17251 2 1805 8618
1536. 3 10 11 17251 2 2292 8278
1537. 3 10 13 17251 2 1900 3128
1538. 3 10 17 17251 2 2193 9324
1539. 3 10 19 17251 1 2062 8831
1540. 3 10 23 17251 2 2090 9246
1541. 3 10 29 17251 0 2460 8860
1542. 3 10 31 17251 1 2273 5852
1543. 3 10 37 17251 1 1673 1053
1544. 3 10 41 17251 0 2205 9142
1545. 3 10 43 17251 0 2131 9716
1546. 3 10 47 17251 0 1769 9059
1547. 3 10 53 17251 0 1882 10400
1548. 3 10 59 17251 1 2192 2439
1549. 3 10 61 17251 2 1695 677
1550. 3 10 67 17251 1 2066 269
1551. 3 10 71 17251 1 1643 2387
1552. 3 10 73 17251 2 1953 4121
1553. 3 10 79 17251 2 1749 6859
1554. 3 10 83 17251 0 1684 2283
1555. 3 10 89 17251 2 2090 4362
1556. 3 10 97 17251 0 1635 2614
1557. 3 10 101 17251 1 1931 3731
1558. 3 10 103 17251 0 2128 276
1559. 3 10 107 17251 0 1922 330
1560. 3 10 109 17251 2 2392 1970
1561. 3 10 113 17251 0 1981 9889
1562. 3 11 2 17251 2 2064 5317
1563. 3 11 3 17251 2 2118 8489
1564. 3 11 5 17251 0 2034 1170
1565. 3 11 7 17251 2 1623 893
1566. 3 11 11 17251 0 2417 2845
1567. 3 11 13 17251 1 1949 2061
1568. 3 11 17 17251 2 2361 9896
1569. 3 11 19 17251 0 2253 8287
1570. 3 11 23 17251 0 2113 10830
1571. 3 11 29 17251 0 2018 6604
1572. 3 11 31 17251 2 2334 8925
1573. 3 11 37 17251 2 2199 1574
1574. 3 11 41 17251 0 2130 7655
1575. 3 11 43 17251 1 1692 7583
1576. 3 11 47 17251 0 1840 2849
1577. 3 11 53 17251 1 1973 4658
1578. 3 11 59 17251 2 2438 338
1579. 3 11 61 17251 2 1651 9793
1580. 3 11 67 17251 2 2053 3787
1581. 3 11 71 17251 1 1999 7259
1582. 3 11 73 17251 1 2223 3043
1583. 3 11 79 17251 0 2059 10607
1584. 3 11 83 17251 2 1873 1415
1585. 3 11 89 17251 1 1970 5285
1586. 3 11 97 17251 2 2268 9169
1587. 3 11 101 17251 2 2108 10902
1588. 3 11 103 17251 2 1632 8656
1589. 3 11 107 17251 1 2283 3973
1590. 3 11 109 17251 2 1836 2531
1591. 3 11 113 17251 2 2178 5840
1592. 3 12 2 17251 2 2058 10033
1593. 3 12 3 17251 1 1935 2204
1594. 3 12 5 17251 2 2057 7359
1595. 3 12 7 17251 1 2171 9248
1596. 3 12 11 17251 2 2041 5392
1597. 3 12 13 17251 1 2368 3098
1598. 3 12 17 17251 2 2153 7744
1599. 3 12 19 17251 0 1963 9046
1600. 3 12 23 17251 1 2445 6913
1601. 3 12 29 17251 1 2447 3300
1602. 3 12 31 17251 1 1915 8376
1603. 3 12 37 17251 2 1893 7818
1604. 3 12 41 17251 0 2287 10060
1605. 3 12 43 17251 0 1907 2766
1606. 3 12 47 17251 1 1962 5303
1607. 3 12 53 17251 1 1841 8082
1608. 3 12 59 17251 1 2311 840
1609. 3 12 61 17251 2 1653 4667
1610. 3 12 67 17251 2 2373 7848
1611. 3 12 71 17251 1 2215 486
1612. 3 12 73 17251 2 2250 1758
1613. 3 12 79 17251 1 2233 9796
1614. 3 12 83 17251 1 2171 10469
1615. 3 12 89 17251 1 2374 4938
1616. 3 12 97 17251 0 1738 386
1617. 3 12 101 17251 1 2275 5235
1618. 3 12 103 17251 2 2057 3296
1619. 3 12 107 17251 1 2171 10994
1620. 3 12 109 17251 1 1932 7206
1621. 3 12 113 17251 0 1737 394
1622. 3 13 2 17251 2 2094 628
1623. 3 13 3 17251 0 1929 9693
1624. 3 13 5 17251 2 2454 7301
1625. 3 13 7 17251 1 2419 1565
1626. 3 13 11 17251 1 1799 3594
1627. 3 13 13 17251 0 2225 9393
1628. 3 13 17 17251 1 1749 10
1629. 3 13 19 17251 0 2411 6809
1630. 3 13 23 17251 1 2043 519
1631. 3 13 29 17251 0 2294 7681
1632. 3 13 31 17251 2 1818 8487
1633. 3 13 37 17251 0 1677 10884
1634. 3 13 41 17251 1 1840 10461
1635. 3 13 43 17251 1 2215 7487
1636. 3 13 47 17251 2 2294 1775
1637. 3 13 53 17251 1 1859 9329
1638. 3 13 59 17251 1 2454 1483
1639. 3 13 61 17251 2 2276 8319
1640. 3 13 67 17251 1 1956 1501
1641. 3 13 71 17251 0 2095 3971
1642. 3 13 73 17251 2 1939 4719
1643. 3 13 79 17251 1 2170 1241
1644. 3 13 83 17251 2 1652 7456
1645. 3 13 89 17251 0 2417 2282
1646. 3 13 97 17251 0 2100 8710
1647. 3 13 101 17251 0 1946 3245
1648. 3 13 103 17251 2 2241 7451
1649. 3 13 107 17251 0 2129 9316
1650. 3 13 109 17251 2 1862 10718
1651. 3 13 113 17251 0 1905 11367
1652. 3 14 2 17251 2 2254 2307
1653. 3 14 3 17251 1 2384 11515
1654. 3 14 5 17251 1 2421 6527
1655. 3 14 7 17251 0 1697 8617
1656. 3 14 11 17251 2 1662 10186
1657. 3 14 13 17251 0 1679 5518
1658. 3 14 17 17251 0 1735 3306
1659. 3 14 19 17251 0 2124 2545
1660. 3 14 23 17251 2 1976 3219
1661. 3 14 29 17251 2 1703 2029
1662. 3 14 31 17251 1 1698 8615
1663. 3 14 37 17251 2 1820 2321
1664. 3 14 41 17251 1 2239 9002
1665. 3 14 43 17251 1 2073 5894
1666. 3 14 47 17251 1 1968 1900
1667. 3 14 53 17251 0 2097 2525
1668. 3 14 59 17251 0 1862 506
1669. 3 14 61 17251 0 1699 8926
1670. 3 14 67 17251 1 2377 1582
1671. 3 14 71 17251 2 2285 317
1672. 3 14 73 17251 2 1771 2988
1673. 3 14 79 17251 0 2365 7628
1674. 3 14 83 17251 2 2257 7471
1675. 3 14 89 17251 0 2305 589
1676. 3 14 97 17251 1 2151 7657
1677. 3 14 101 17251 1 2223 9906
1678. 3 14 103 17251 2 2228 9351
1679. 3 14 107 17251 0 2420 11308
1680. 3 14 109 17251 0 2404 6569
1681. 3 14 113 17251 0 2177 9759
1682. 3 15 2 17251 0 2292 10759
1683. 3 15 3 17251 0 2384 10713
1684. 3 15 5 17251 1 2017 6338
1685. 3 15 7 17251 0 1839 9075
1686. 3 15 11 17251 1 1902 10178
1687. 3 15 13 17251 1 2184 9114
1688. 3 15 17 17251 2 2093 5909
1689. 3 15 19 17251 0 1701 6205
1690. 3 15 23 17251 0 2078 8716
1691. 3 15 29 17251 1 2267 2983
1692. 3 15 31 17251 1 2054 10805
1693. 3 15 37 17251 0 1767 3202
1694. 3 15 41 17251 2 1784 4733
1695. 3 15 43 17251 1 1747 648
1696. 3 15 47 17251 2 2092 5284
1697. 3 15 53 17251 1 2258 1414
1698. 3 15 59 17251 1 1845 4410
1699. 3 15 61 17251 1 2325 10900
1700. 3 15 67 17251 1 2090 6391
1701. 3 15 71 17251 2 1980 8727
1702. 3 15 73 17251 2 2071 7292
1703. 3 15 79 17251 0 1992 10859
1704. 3 15 83 17251 0 2251 362
1705. 3 15 89 17251 0 2094 9151
1706. 3 15 97 17251 0 2409 7886
1707. 3 15 101 17251 1 1724 9353
1708. 3 15 103 17251 0 2147 11486
1709. 3 15 107 17251 2 1972 3049
1710. 3 15 109 17251 1 1732 1016
1711. 3 15 113 17251 2 2249 355
1712. 3 16 2 17251 2 1975 11209
1713. 3 16 3 17251 2 1984 7670
1714. 3 16 5 17251 0 1857 2738
1715. 3 16 7 17251 2 2217 10068
1716. 3 16 11 17251 2 1851 4903
1717. 3 16 13 17251 0 2362 4972
1718. 3 16 17 17251 1 2155 3511
1719. 3 16 19 17251 0 2056 10226
1720. 3 16 23 17251 2 2194 664
1721. 3 16 29 17251 1 1928 3904
1722. 3 16 31 17251 2 2163 7660
1723. 3 16 37 17251 0 2210 7505
1724. 3 16 41 17251 0 2448 10871
1725. 3 16 43 17251 1 2007 11520
1726. 3 16 47 17251 2 2223 10895
1727. 3 16 53 17251 2 2039 10841
1728. 3 16 59 17251 1 2037 8769
1729. 3 16 61 17251 2 2275 10520
1730. 3 16 67 17251 2 1789 7926
1731. 3 16 71 17251 1 2390 2444
1732. 3 16 73 17251 2 1982 2683
1733. 3 16 79 17251 2 1846 7925
1734. 3 16 83 17251 0 2349 6080
1735. 3 16 89 17251 2 1987 2244
1736. 3 16 97 17251 1 1748 10810
1737. 3 16 101 17251 2 2233 10633
1738. 3 16 103 17251 0 2126 6232
1739. 3 16 107 17251 2 2335 400
1740. 3 16 109 17251 0 1935 7247
1741. 3 16 113 17251 2 2215 2102
1742. 3 17 2 17251 2 2065 7814
1743. 3 17 3 17251 1 2253 821
1744. 3 17 5 17251 0 1931 336
1745. 3 17 7 17251 1 1878 4837
1746. 3 17 11 17251 2 2414 11971
1747. 3 17 13 17251 1 1891 8407
1748. 3 17 17 17251 0 2452 9745
1749. 3 17 19 17251 2 2033 6860
1750. 3 17 23 17251 0 2171 8897
1751. 3 17 29 17251 2 2273 8051
1752. 3 17 31 17251 0 2407 5703
1753. 3 17 37 17251 1 1912 11644
1754. 3 17 41 17251 2 2441 8869
1755. 3 17 43 17251 2 1915 10881
1756. 3 17 47 17251 0 2107 7612
1757. 3 17 53 17251 2 1780 8660
1758. 3 17 59 17251 0 2272 539
1759. 3 17 61 17251 2 2396 11337
1760. 3 17 67 17251 1 2004 11752
1761. 3 17 71 17251 2 2113 8400
1762. 3 17 73 17251 1 2109 8281
1763. 3 17 79 17251 2 2000 9794
1764. 3 17 83 17251 2 1865 9675
1765. 3 17 89 17251 2 2097 11453
1766. 3 17 97 17251 2 1965 11888
1767. 3 17 101 17251 1 2315 7677
1768. 3 17 103 17251 1 1815 3171
1769. 3 17 107 17251 1 1937 4814
1770. 3 17 109 17251 0 2049 10780
1771. 3 17 113 17251 2 2406 6223
1772. 3 18 2 17251 2 1924 5355
1773. 3 18 3 17251 1 2290 6339
1774. 3 18 5 17251 0 1938 11421
1775. 3 18 7 17251 1 2183 9679
1776. 3 18 11 17251 1 2286 12057
1777. 3 18 13 17251 1 2198 9091
1778. 3 18 17 17251 0 1947 6401
1779. 3 18 19 17251 0 1860 4475
1780. 3 18 23 17251 2 2086 9534
1781. 3 18 29 17251 2 2340 7193
1782. 3 18 31 17251 2 1920 768
1783. 3 18 37 17251 0 1815 6547
1784. 3 18 41 17251 0 1955 3493
1785. 3 18 43 17251 2 2284 6990
1786. 3 18 47 17251 2 1998 11846
1787. 3 18 53 17251 0 2088 5713
1788. 3 18 59 17251 1 1959 5928
1789. 3 18 61 17251 2 2128 7620
1790. 3 18 67 17251 0 1857 11599
1791. 3 18 71 17251 2 1980 5835
1792. 3 18 73 17251 0 2206 661
1793. 3 18 79 17251 0 1942 4040
1794. 3 18 83 17251 2 2349 6139
1795. 3 18 89 17251 2 2448 7182
1796. 3 18 97 17251 1 2262 10241
1797. 3 18 101 17251 2 2281 6735
1798. 3 18 103 17251 2 1858 10401
1799. 3 18 107 17251 2 2252 1279
1800. 3 18 109 17251 0 2411 7118
1801. 3 18 113 17251 2 1957 1680
1802. 3 19 2 17251 2 1956 3026
1803. 3 19 3 17251 2 2374 11433
1804. 3 19 5 17251 1 1817 7688
1805. 3 19 7 17251 2 2363 5295
1806. 3 19 11 17251 0 2295 245
1807. 3 19 13 17251 1 1858 3986
1808. 3 19 17 17251 0 2023 12046
1809. 3 19 19 17251 1 2243 4404
1810. 3 19 23 17251 2 2429 2663
1811. 3 19 29 17251 2 2309 9351
1812. 3 19 31 17251 2 2281 2311
1813. 3 19 37 17251 0 2447 2135
1814. 3 19 41 17251 1 2440 5434
1815. 3 19 43 17251 1 1843 7616
1816. 3 19 47 17251 2 2125 639
1817. 3 19 53 17251 0 2108 619
1818. 3 19 59 17251 1 1896 4385
1819. 3 19 61 17251 0 2084 8571
1820. 3 19 67 17251 2 1825 3214
1821. 3 19 71 17251 2 1930 240
1822. 3 19 73 17251 0 2132 11355
1823. 3 19 79 17251 1 2405 1714
1824. 3 19 83 17251 1 2235 9436
1825. 3 19 89 17251 2 1828 12475
1826. 3 19 97 17251 0 1945 10537
1827. 3 19 101 17251 0 2011 9914
1828. 3 19 103 17251 0 1881 12682
1829. 3 19 107 17251 0 2154 1009
1830. 3 19 109 17251 1 1888 10448
1831. 3 19 113 17251 0 1963 3141
1832. 3 20 2 17251 2 2229 10502
1833. 3 20 3 17251 1 2154 6938
1834. 3 20 5 17251 0 1984 7745
1835. 3 20 7 17251 2 2441 9385
1836. 3 20 11 17251 2 2056 2454
1837. 3 20 13 17251 1 2365 8220
1838. 3 20 17 17251 2 2095 1069
1839. 3 20 19 17251 1 2316 7965
1840. 3 20 23 17251 0 2070 6295
1841. 3 20 29 17251 1 2263 9601
1842. 3 20 31 17251 0 2440 12557
1843. 3 20 37 17251 2 2260 10004
1844. 3 20 41 17251 2 2241 8408
1845. 3 20 43 17251 1 2263 12319
1846. 3 20 47 17251 0 2002 11001
1847. 3 20 53 17251 2 1907 4929
1848. 3 20 59 17251 0 2328 12830
1849. 3 20 61 17251 2 2384 3748
1850. 3 20 67 17251 1 2096 11627
1851. 3 20 71 17251 2 1885 2749
1852. 3 20 73 17251 2 1996 3501
1853. 3 20 79 17251 1 1889 2263
1854. 3 20 83 17251 0 1886 2840
1855. 3 20 89 17251 1 2221 2983
1856. 3 20 97 17251 1 2168 4365
1857. 3 20 101 17251 2 1955 6950
1858. 3 20 103 17251 0 2083 7648
1859. 3 20 107 17251 2 2444 1650
1860. 3 20 109 17251 0 2309 9277
1861. 3 20 113 17251 0 2458 11674
1862. 3 21 2 17251 1 2013 10766
1863. 3 21 3 17251 2 2307 10459
1864. 3 21 5 17251 0 2096 896
1865. 3 21 7 17251 0 1896 12902
1866. 3 21 11 17251 1 2404 9431
1867. 3 21 13 17251 0 2314 7409
1868. 3 21 17 17251 2 2081 11589
1869. 3 21 19 17251 2 2062 2179
1870. 3 21 23 17251 2 2243 2828
1871. 3 21 29 17251 0 2441 10277
1872. 3 21 31 17251 2 2438 1073
1873. 3 21 37 17251 2 2338 9325
1874. 3 21 41 17251 0 2298 8232
1875. 3 21 43 17251 1 2314 3183
1876. 3 21 47 17251 2 2211 10617
1877. 3 21 53 17251 0 2391 8174
1878. 3 21 59 17251 1 2342 9525
1879. 3 21 61 17251 0 2087 4166
1880. 3 21 67 17251 1 1978 7383
1881. 3 21 71 17251 2 2410 5716
1882. 3 21 73 17251 1 2295 7759
1883. 3 21 79 17251 2 1924 10446
1884. 3 21 83 17251 0 2076 2719
1885. 3 21 89 17251 1 2103 5312
1886. 3 21 97 17251 2 2248 285
1887. 3 21 101 17251 1 1907 388
1888. 3 21 103 17251 0 2319 8623
1889. 3 21 107 17251 0 2123 8031
1890. 3 21 109 17251 1 1981 10870
1891. 3 21 113 17251 1 2018 6238
1892. 3 22 2 17251 1 2168 720
1893. 3 22 3 17251 0 2199 3347
1894. 3 22 5 17251 1 2271 12316
1895. 3 22 7 17251 0 2054 6902
1896. 3 22 11 17251 1 2236 7674
1897. 3 22 13 17251 1 2342 12296
1898. 3 22 17 17251 0 2275 9
1899. 3 22 19 17251 0 2236 1702
1900. 3 22 23 17251 0 2364 5434
1901. 3 22 29 17251 1 2195 4291
1902. 3 22 31 17251 2 2419 12420
1903. 3 22 37 17251 1 1953 8354
1904. 3 22 41 17251 0 2299 3023
1905. 3 22 43 17251 2 2267 6961
1906. 3 22 47 17251 2 2100 3833
1907. 3 22 53 17251 2 2083 12867
1908. 3 22 59 17251 0 2374 2652
1909. 3 22 61 17251 2 2097 6732
1910. 3 22 67 17251 0 2198 10555
1911. 3 22 71 17251 1 2108 8056
1912. 3 22 73 17251 2 1993 11378
1913. 3 22 79 17251 0 2246 4876
1914. 3 22 83 17251 0 2166 10746
1915. 3 22 89 17251 0 1968 5548
1916. 3 22 97 17251 2 2242 4527
1917. 3 22 101 17251 1 2298 12855
1918. 3 22 103 17251 1 1920 8725
1919. 3 22 107 17251 2 2031 9720
1920. 3 22 109 17251 1 2101 1075
1921. 3 22 113 17251 0 2377 13352
1922. 3 23 2 17251 2 2071 6783
1923. 3 23 3 17251 0 2288 4160
1924. 3 23 5 17251 2 2083 13048
1925. 3 23 7 17251 2 1948 438
1926. 3 23 11 17251 1 1986 6992
1927. 3 23 13 17251 1 2110 1634
1928. 3 23 17 17251 1 2451 10464
1929. 3 23 19 17251 1 2279 7940
1930. 3 23 23 17251 0 2225 13265
1931. 3 23 29 17251 0 2332 12139
1932. 3 23 31 17251 2 2245 5409
1933. 3 23 37 17251 1 1942 2171
1934. 3 23 41 17251 0 2308 8352
1935. 3 23 43 17251 1 2117 2312
1936. 3 23 47 17251 1 2189 5675
1937. 3 23 53 17251 1 2257 12885
1938. 3 23 59 17251 1 2320 7939
1939. 3 23 61 17251 0 2071 3729
1940. 3 23 67 17251 2 2395 10187
1941. 3 23 71 17251 0 2046 11916
1942. 3 23 73 17251 0 2195 2638
1943. 3 23 79 17251 2 2459 7855
1944. 3 23 83 17251 1 2074 654
1945. 3 23 89 17251 2 1970 5364
1946. 3 23 97 17251 2 2416 1040
1947. 3 23 101 17251 0 1949 9761
1948. 3 23 103 17251 0 2122 3893
1949. 3 23 107 17251 0 2456 11241
1950. 3 23 109 17251 1 1967 12135
1951. 3 23 113 17251 0 2041 779
1952. 3 24 2 17251 0 2179 7874
1953. 3 24 3 17251 1 2027 1478
1954. 3 24 5 17251 2 2186 8673
1955. 3 24 7 17251 2 2211 9013
1956. 3 24 11 17251 0 2015 388
1957. 3 24 13 17251 2 2321 949
1958. 3 24 17 17251 0 2163 2872
1959. 3 24 19 17251 2 2230 8995
1960. 3 24 23 17251 1 2118 2876
1961. 3 24 29 17251 1 2202 4054
1962. 3 24 31 17251 0 2215 1456
1963. 3 24 37 17251 1 2014 6947
1964. 3 24 41 17251 1 2143 6676
1965. 3 24 43 17251 0 2444 2411
1966. 3 24 47 17251 2 2043 10502
1967. 3 24 53 17251 0 2235 5846
1968. 3 24 59 17251 0 2212 5784
1969. 3 24 61 17251 0 1992 12131
1970. 3 24 67 17251 1 2426 8922
1971. 3 24 71 17251 2 2435 3368
1972. 3 24 73 17251 1 2290 6339
1973. 3 24 79 17251 0 2455 3880
1974. 3 24 83 17251 0 2212 9187
1975. 3 24 89 17251 1 2285 1029
1976. 3 24 97 17251 2 2197 10416
1977. 3 24 101 17251 0 2252 5072
1978. 3 24 103 17251 0 2140 6663
1979. 3 24 107 17251 2 2003 12826
1980. 3 24 109 17251 1 1989 13094
1981. 3 24 113 17251 1 2130 4582
1982. 3 25 2 17251 1 2267 13210
1983. 3 25 3 17251 2 2096 6743
1984. 3 25 5 17251 1 2232 4548
1985. 3 25 7 17251 1 2349 1629
1986. 3 25 11 17251 1 1993 7139
1987. 3 25 13 17251 1 2111 11285
1988. 3 25 17 17251 0 1995 8282
1989. 3 25 19 17251 0 2069 3503
1990. 3 25 23 17251 2 2097 6657
1991. 3 25 29 17251 2 2195 8070
1992. 3 25 31 17251 1 2400 7735
1993. 3 25 37 17251 2 2130 4658
1994. 3 25 41 17251 1 2222 11193
1995. 3 25 43 17251 0 2249 958
1996. 3 25 47 17251 0 2082 12165
1997. 3 25 53 17251 2 2041 13665
1998. 3 25 59 17251 0 2019 5947
1999. 3 25 61 17251 0 2160 3104
2000. 3 25 67 17251 0 2010 9397
2001. 3 25 71 17251 1 2202 13181
2002. 3 25 73 17251 2 2045 8623
2003. 3 25 79 17251 1 2461 12394
2004. 3 25 83 17251 1 2163 8464
2005. 3 25 89 17251 2 2364 6151
2006. 3 25 97 17251 1 2269 5003
2007. 3 25 101 17251 1 2450 8093
2008. 3 25 103 17251 1 2077 2148
2009. 3 25 107 17251 1 2318 3307
2010. 3 25 109 17251 1 2441 6675
2011. 3 25 113 17251 1 2316 3987
2012. 3 26 2 17251 1 2353 11519
2013. 3 26 3 17251 1 2211 11484
2014. 3 26 5 17251 1 2364 1548
2015. 3 26 7 17251 0 2105 10594
2016. 3 26 11 17251 1 2350 13894
2017. 3 26 13 17251 1 2167 6668
2018. 3 26 17 17251 0 2132 12770
2019. 3 26 19 17251 1 2364 1901
2020. 3 26 23 17251 0 2069 4843
2021. 3 26 29 17251 1 2366 11678
2022. 3 26 31 17251 1 2195 10628
2023. 3 26 37 17251 1 2456 7455
2024. 3 26 41 17251 0 2207 4168
2025. 3 26 43 17251 1 2138 10383
2026. 3 26 47 17251 1 2369 12100
2027. 3 26 53 17251 0 2030 2901
2028. 3 26 59 17251 0 2337 8500
2029. 3 26 61 17251 2 2425 11386
2030. 3 26 67 17251 2 2286 8456
2031. 3 26 71 17251 1 2277 9369
2032. 3 26 73 17251 0 2142 12847
2033. 3 26 79 17251 1 2169 10613
2034. 3 26 83 17251 2 2399 3905
2035. 3 26 89 17251 1 2377 2870
2036. 3 26 97 17251 0 2369 5152
2037. 3 26 101 17251 0 2421 173
2038. 3 26 103 17251 2 2072 12082
2039. 3 26 107 17251 0 2316 7303
2040. 3 26 109 17251 1 2421 4442
2041. 3 26 113 17251 2 2410 1121
2042. 3 27 2 17251 2 2259 8593
2043. 3 27 3 17251 0 2225 13404
2044. 3 27 5 17251 0 2397 12035
2045. 3 27 7 17251 0 2418 8130
2046. 3 27 11 17251 1 2443 8168
2047. 3 27 13 17251 1 2226 3865
2048. 3 27 17 17251 0 2219 9809
2049. 3 27 19 17251 1 2128 4747
2050. 3 27 23 17251 2 2115 8812
2051. 3 27 29 17251 0 2117 4056
2052. 3 27 31 17251 2 2174 8713
2053. 3 27 37 17251 0 2460 9623
2054. 3 27 41 17251 0 2122 8260
2055. 3 27 43 17251 0 2438 5595
2056. 3 27 47 17251 0 2345 9962
2057. 3 27 53 17251 1 2347 6188
2058. 3 27 59 17251 1 2301 8234
2059. 3 27 61 17251 0 2382 14038
2060. 3 27 67 17251 2 2438 1340
2061. 3 27 71 17251 0 2434 3091
2062. 3 27 73 17251 2 2067 5398
2063. 3 27 79 17251 0 2406 6900
2064. 3 27 83 17251 0 2371 2083
2065. 3 27 89 17251 2 2293 2934
2066. 3 27 97 17251 0 2277 12143
2067. 3 27 101 17251 1 2148 13643
2068. 3 27 103 17251 1 2227 2238
2069. 3 27 107 17251 0 2089 4002
2070. 3 27 109 17251 0 2409 4897
2071. 3 27 113 17251 2 2208 2378
2072. 3 28 2 17251 0 2247 2416
2073. 3 28 3 17251 1 2401 8958
2074. 3 28 5 17251 2 2099 6267
2075. 3 28 7 17251 0 2441 7354
2076. 3 28 11 17251 2 2392 567
2077. 3 28 13 17251 2 2461 10893
2078. 3 28 17 17251 2 2224 12726
2079. 3 28 19 17251 2 2206 7373
2080. 3 28 23 17251 0 2434 544
2081. 3 28 29 17251 2 2312 1000
2082. 3 28 31 17251 0 2110 11547
2083. 3 28 37 17251 1 2250 6619
2084. 3 28 41 17251 0 2283 14044
2085. 3 28 43 17251 1 2159 5526
2086. 3 28 47 17251 0 2206 14590
2087. 3 28 53 17251 1 2304 9001
2088. 3 28 59 17251 0 2448 1564
2089. 3 28 61 17251 1 2335 1492
2090. 3 28 67 17251 0 2160 8590
2091. 3 28 71 17251 0 2391 7050
2092. 3 28 73 17251 2 2300 1008
2093. 3 28 79 17251 2 2100 2373
2094. 3 28 83 17251 1 2100 9997
2095. 3 28 89 17251 2 2340 3342
2096. 3 28 97 17251 0 2360 5908
2097. 3 28 101 17251 2 2417 7587
2098. 3 28 103 17251 0 2402 13442
2099. 3 28 107 17251 0 2293 6603
2100. 3 28 109 17251 2 2267 3946
2101. 3 28 113 17251 0 2134 11189
2102. 3 29 2 17251 0 2440 3899
2103. 3 29 3 17251 1 2125 8671
2104. 3 29 5 17251 0 2171 7983
2105. 3 29 7 17251 1 2118 14720
2106. 3 29 11 17251 0 2215 12140
2107. 3 29 13 17251 1 2437 8340
2108. 3 29 17 17251 1 2154 9699
2109. 3 29 19 17251 0 2409 13229
2110. 3 29 23 17251 0 2152 5122
2111. 3 29 29 17251 1 2253 3542
2112. 3 29 31 17251 0 2225 6365
2113. 3 29 37 17251 2 2373 13975
2114. 3 29 41 17251 2 2166 1290
2115. 3 29 43 17251 2 2231 14379
2116. 3 29 47 17251 0 2128 4579
2117. 3 29 53 17251 2 2131 319
2118. 3 29 59 17251 1 2384 1964
2119. 3 29 61 17251 2 2411 358
2120. 3 29 67 17251 0 2394 10759
2121. 3 29 71 17251 2 2137 3568
2122. 3 29 73 17251 1 2214 2719
2123. 3 29 79 17251 2 2131 1001
2124. 3 29 83 17251 1 2203 11513
2125. 3 29 89 17251 0 2236 13250
2126. 3 29 97 17251 0 2370 65
2127. 3 29 101 17251 1 2294 5394
2128. 3 29 103 17251 1 2262 2893
2129. 3 29 107 17251 2 2236 7737
2130. 3 29 109 17251 0 2458 11088
2131. 3 29 113 17251 2 2177 2151
2132. 3 30 2 17251 0 2188 7508
2133. 3 30 3 17251 1 2284 173
2134. 3 30 5 17251 1 2258 290
2135. 3 30 7 17251 2 2240 3305
2136. 3 30 11 17251 1 2270 12576
2137. 3 30 13 17251 1 2458 1471
2138. 3 30 17 17251 2 2240 511
2139. 3 30 19 17251 2 2294 4086
2140. 3 30 23 17251 2 2298 8302
2141. 3 30 29 17251 2 2190 14336
2142. 3 30 31 17251 0 2328 8915
2143. 3 30 37 17251 0 2288 3659
2144. 3 30 41 17251 0 2412 12325
2145. 3 30 43 17251 0 2201 5446
2146. 3 30 47 17251 2 2399 14634
2147. 3 30 53 17251 0 2408 3783
2148. 3 30 59 17251 0 2451 8274
2149. 3 30 61 17251 2 2298 13724
2150. 3 30 67 17251 0 2206 4102
2151. 3 30 71 17251 1 2393 15010
2152. 3 30 73 17251 0 2297 846
2153. 3 30 79 17251 1 2185 5448
2154. 3 30 83 17251 1 2350 9148
2155. 3 30 89 17251 2 2429 7003
2156. 3 30 97 17251 1 2368 14080
2157. 3 30 101 17251 1 2237 14717
2158. 3 30 103 17251 1 2330 13433
2159. 3 30 107 17251 0 2428 9241
2160. 3 30 109 17251 2 2388 13712
2161. 3 30 113 17251 1 2357 9764
2162. 3 31 2 17251 2 2391 14718
2163. 3 31 3 17251 2 2304 2312
2164. 3 31 5 17251 0 2242 15018
2165. 3 31 7 17251 0 2356 3973
2166. 3 31 11 17251 0 2415 11002
2167. 3 31 13 17251 2 2433 10783
2168. 3 31 17 17251 2 2237 15026
2169. 3 31 19 17251 1 2262 14568
2170. 3 31 23 17251 0 2379 6303
2171. 3 31 29 17251 2 2406 11342
2172. 3 31 31 17251 1 2392 5746
2173. 3 31 37 17251 2 2310 4988
2174. 3 31 41 17251 2 2294 9703
2175. 3 31 43 17251 0 2441 6244
2176. 3 31 47 17251 2 2313 2609
2177. 3 31 53 17251 0 2352 6316
2178. 3 31 59 17251 1 2439 14652
2179. 3 31 61 17251 2 2387 15143
2180. 3 31 67 17251 2 2397 1171
2181. 3 31 71 17251 2 2388 13706
2182. 3 31 73 17251 2 2229 9277
2183. 3 31 79 17251 2 2417 13860
2184. 3 31 83 17251 0 2257 11453
2185. 3 31 89 17251 2 2299 8808
2186. 3 31 97 17251 0 2263 133
2187. 3 31 101 17251 2 2426 14899
2188. 3 31 103 17251 1 2266 12192
2189. 3 31 107 17251 2 2281 6968
2190. 3 31 109 17251 2 2320 4612
2191. 3 31 113 17251 2 2196 1881
2192. 3 32 2 17251 0 2259 9584
2193. 3 32 3 17251 0 2213 4030
2194. 3 32 5 17251 0 2438 12355
2195. 3 32 7 17251 0 2270 10435
2196. 3 32 11 17251 0 2419 14093
2197. 3 32 13 17251 2 2453 2231
2198. 3 32 17 17251 0 2291 7274
2199. 3 32 19 17251 0 2298 659
2200. 3 32 23 17251 0 2252 10422
2201. 3 32 29 17251 0 2211 2839
2202. 3 32 31 17251 1 2295 6587
2203. 3 32 37 17251 0 2398 5959
2204. 3 32 41 17251 2 2454 2117
2205. 3 32 43 17251 0 2286 10318
2206. 3 32 47 17251 0 2278 7549
2207. 3 32 53 17251 2 2443 12961
2208. 3 32 59 17251 1 2242 11695
2209. 3 32 61 17251 0 2448 13232
2210. 3 32 67 17251 2 2440 8678
2211. 3 32 71 17251 2 2214 14371
2212. 3 32 73 17251 2 2263 7961
2213. 3 32 79 17251 1 2289 3973
2214. 3 32 83 17251 0 2403 3287
2215. 3 32 89 17251 0 2245 14802
2216. 3 32 97 17251 2 2398 1040
2217. 3 32 101 17251 1 2292 11361
2218. 3 32 103 17251 0 2391 5860
2219. 3 32 107 17251 0 2349 2042
2220. 3 32 109 17251 1 2287 13136
2221. 3 32 113 17251 1 2275 2279
2222. 3 33 2 17251 0 2287 12319
2223. 3 33 3 17251 2 2331 15395
2224. 3 33 5 17251 1 2265 13026
2225. 3 33 7 17251 1 2298 15046
2226. 3 33 11 17251 1 2458 15400
2227. 3 33 13 17251 2 2249 2341
2228. 3 33 17 17251 2 2339 523
2229. 3 33 19 17251 1 2391 6391
2230. 3 33 23 17251 2 2240 8867
2231. 3 33 29 17251 2 2393 8967
2232. 3 33 31 17251 2 2341 14626
2233. 3 33 37 17251 2 2325 14626
2234. 3 33 41 17251 0 2416 1941
2235. 3 33 43 17251 0 2320 12057
2236. 3 33 47 17251 0 2247 825
2237. 3 33 53 17251 0 2272 11284
2238. 3 33 59 17251 0 2277 9436
2239. 3 33 61 17251 1 2437 4445
2240. 3 33 67 17251 2 2443 11153
2241. 3 33 71 17251 1 2364 8903
2242. 3 33 73 17251 2 2248 6853
2243. 3 33 79 17251 2 2326 2484
2244. 3 33 83 17251 0 2395 15706
2245. 3 33 89 17251 0 2281 2609
2246. 3 33 97 17251 1 2305 6457
2247. 3 33 101 17251 1 2357 3831
2248. 3 33 103 17251 0 2373 14955
2249. 3 33 107 17251 1 2347 9066
2250. 3 33 109 17251 1 2450 15292
2251. 3 33 113 17251 1 2444 1839
2252. 3 34 2 17251 0 2348 2595
2253. 3 34 3 17251 2 2331 10981
2254. 3 34 5 17251 1 2358 3837
2255. 3 34 7 17251 1 2335 12302
2256. 3 34 11 17251 0 2451 8753
2257. 3 34 13 17251 1 2275 13017
2258. 3 34 17 17251 1 2377 7860
2259. 3 34 19 17251 1 2409 6917
2260. 3 34 23 17251 1 2262 6219
2261. 3 34 29 17251 1 2296 8439
2262. 3 34 31 17251 1 2266 8468
2263. 3 34 37 17251 0 2357 15537
2264. 3 34 41 17251 2 2320 11907
2265. 3 34 43 17251 2 2341 13969
2266. 3 34 47 17251 0 2353 6719
2267. 3 34 53 17251 1 2272 4354
2268. 3 34 59 17251 2 2411 981
2269. 3 34 61 17251 0 2382 4895
2270. 3 34 67 17251 2 2272 6247
2271. 3 34 71 17251 0 2401 7947
2272. 3 34 73 17251 2 2413 5556
2273. 3 34 79 17251 1 2398 4774
2274. 3 34 83 17251 2 2388 3319
2275. 3 34 89 17251 2 2434 1831
2276. 3 34 97 17251 2 2316 11761
2277. 3 34 101 17251 2 2342 6994
2278. 3 34 103 17251 2 2414 12801
2279. 3 34 107 17251 2 2444 10106
2280. 3 34 109 17251 0 2306 2672
2281. 3 34 113 17251 0 2365 14795
2282. 3 35 2 17251 2 2461 9480
2283. 3 35 3 17251 2 2299 6083
2284. 3 35 5 17251 0 2444 4064
2285. 3 35 7 17251 0 2354 191
2286. 3 35 11 17251 2 2348 671
2287. 3 35 13 17251 0 2370 11317
2288. 3 35 17 17251 0 2302 6705
2289. 3 35 19 17251 0 2430 15187
2290. 3 35 23 17251 2 2293 12116
2291. 3 35 29 17251 2 2386 2166
2292. 3 35 31 17251 2 2439 3298
2293. 3 35 37 17251 1 2300 10688
2294. 3 35 41 17251 2 2321 3736
2295. 3 35 43 17251 1 2447 12709
2296. 3 35 47 17251 0 2420 12149
2297. 3 35 53 17251 1 2317 10333
2298. 3 35 59 17251 0 2390 6787
2299. 3 35 61 17251 2 2384 499
2300. 3 35 67 17251 1 2359 10695
2301. 3 35 71 17251 1 2337 9546
2302. 3 35 73 17251 2 2326 8470
2303. 3 35 79 17251 2 2343 15362
2304. 3 35 83 17251 2 2430 6812
2305. 3 35 89 17251 0 2348 10891
2306. 3 35 97 17251 0 2452 4246
2307. 3 35 101 17251 0 2321 11788
2308. 3 35 103 17251 1 2454 2249
2309. 3 35 107 17251 1 2363 13398
2310. 3 35 109 17251 1 2430 13503
2311. 3 35 113 17251 0 2442 6865
2312. 3 36 2 17251 1 2395 9436
2313. 3 36 3 17251 1 2375 10844
2314. 3 36 5 17251 2 2401 14544
2315. 3 36 7 17251 0 2402 15300
2316. 3 36 11 17251 2 2354 15216
2317. 3 36 13 17251 0 2337 13288
2318. 3 36 17 17251 2 2353 5025
2319. 3 36 19 17251 2 2324 8341
2320. 3 36 23 17251 2 2455 3680
2321. 3 36 29 17251 0 2418 14074
2322. 3 36 31 17251 2 2325 14430
2323. 3 36 37 17251 1 2382 14058
2324. 3 36 41 17251 1 2363 3868
2325. 3 36 43 17251 0 2349 9345
2326. 3 36 47 17251 2 2458 15848
2327. 3 36 53 17251 2 2356 11397
2328. 3 36 59 17251 0 2461 7671
2329. 3 36 61 17251 2 2389 14902
2330. 3 36 67 17251 2 2447 3738
2331. 3 36 71 17251 2 2409 11435
2332. 3 36 73 17251 2 2425 8982
2333. 3 36 79 17251 2 2405 9513
2334. 3 36 83 17251 0 2367 2985
2335. 3 36 89 17251 0 2431 148
2336. 3 36 97 17251 1 2429 7578
2337. 3 36 101 17251 2 2411 11385
2338. 3 36 103 17251 2 2353 12182
2339. 3 36 107 17251 2 2366 14793
2340. 3 36 109 17251 2 2354 12566
2341. 3 36 113 17251 1 2355 12380
2342. 3 37 2 17251 2 2421 6760
2343. 3 37 3 17251 2 2376 1423
2344. 3 37 5 17251 0 2425 15447
2345. 3 37 7 17251 2 2357 10090
2346. 3 37 11 17251 0 2427 15894
2347. 3 37 13 17251 2 2407 3946
2348. 3 37 17 17251 1 2352 9205
2349. 3 37 19 17251 2 2453 8111
2350. 3 37 23 17251 2 2452 1125
2351. 3 37 29 17251 2 2447 14489
2352. 3 37 31 17251 1 2426 12007
2353. 3 37 37 17251 1 2387 14015
2354. 3 37 41 17251 0 2410 1447
2355. 3 37 43 17251 0 2421 5132
2356. 3 37 47 17251 2 2420 14770
2357. 3 37 53 17251 2 2385 11195
2358. 3 37 59 17251 2 2426 9913
2359. 3 37 61 17251 0 2409 1907
2360. 3 37 67 17251 2 2384 130
2361. 3 37 71 17251 0 2432 8958
2362. 3 37 73 17251 1 2411 5445
2363. 3 37 79 17251 1 2374 8055
2364. 3 37 83 17251 0 2456 7635
2365. 3 37 89 17251 1 2425 8338
2366. 3 37 97 17251 2 2423 8146
2367. 3 37 101 17251 1 2397 13114
2368. 3 37 103 17251 2 2433 10917
2369. 3 37 107 17251 2 2454 11358
2370. 3 37 109 17251 1 2401 14354
2371. 3 37 113 17251 2 2375 15912
2372. 3 38 2 17251 2 2382 309
2373. 3 38 3 17251 2 2439 6364
2374. 3 38 5 17251 1 2439 2704
2375. 3 38 7 17251 0 2458 5420
2376. 3 38 11 17251 0 2395 6989
2377. 3 38 13 17251 2 2399 9656
2378. 3 38 17 17251 0 2411 13260
2379. 3 38 19 17251 2 2420 12582
2380. 3 38 23 17251 1 2385 10305
2381. 3 38 29 17251 0 2424 16022
2382. 3 38 31 17251 0 2416 15907
2383. 3 38 37 17251 2 2415 3120
2384. 3 38 41 17251 1 2417 3490
2385. 3 38 43 17251 2 2417 7188
2386. 3 38 47 17251 1 2409 742
2387. 3 38 53 17251 1 2420 10641
2388. 3 38 59 17251 2 2432 307
2389. 3 38 61 17251 1 2412 4560
2390. 3 38 67 17251 2 2433 4640
2391. 3 38 71 17251 2 2405 6220
2392. 3 38 73 17251 0 2460 1793
2393. 3 38 79 17251 0 2458 2948
2394. 3 38 83 17251 1 2417 5381
2395. 3 38 89 17251 2 2417 14720
2396. 3 38 97 17251 1 2460 16044
2397. 3 38 101 17251 2 2423 10690
2398. 3 38 103 17251 1 2400 11478
2399. 3 38 107 17251 2 2444 6229
2400. 3 38 109 17251 2 2437 4358
2401. 3 38 113 17251 1 2454 544
2402. 3 39 2 17251 2 2431 10098
2403. 3 39 3 17251 0 2428 15605
2404. 3 39 5 17251 1 2442 11643
2405. 3 39 7 17251 1 2406 8067
2406. 3 39 11 17251 2 2406 6094
2407. 3 39 13 17251 1 2429 3698
2408. 3 39 17 17251 0 2439 12487
2409. 3 39 19 17251 2 2431 3815
2410. 3 39 23 17251 1 2437 2029
2411. 3 39 29 17251 2 2432 8023
2412. 3 39 31 17251 1 2428 3440
2413. 3 39 37 17251 2 2458 11665
2414. 3 39 41 17251 2 2443 3560
2415. 3 39 43 17251 1 2445 725
2416. 3 39 47 17251 1 2417 14848
2417. 3 39 53 17251 1 2454 4818
2418. 3 39 59 17251 2 2451 11668
2419. 3 39 61 17251 0 2444 16874
2420. 3 39 67 17251 2 2457 5480
2421. 3 39 71 17251 1 2424 8951
2422. 3 39 73 17251 1 2455 13369
2423. 3 39 79 17251 0 2456 12247
2424. 3 39 83 17251 2 2424 3268
2425. 3 39 89 17251 1 2446 15916
2426. 3 39 97 17251 1 2449 5319
2427. 3 39 101 17251 2 2451 5526
2428. 3 39 103 17251 1 2443 13285
2429. 3 39 107 17251 2 2460 3272
2430. 3 39 109 17251 1 2443 14589
2431. 3 39 113 17251 1 2443 11630
2432. 3 40 2 17251 2 2457 6059
2433. 3 40 3 17251 0 2455 11098
2434. 3 40 5 17251 0 2434 5002
2435. 3 40 7 17251 1 2453 14121
2436. 3 40 11 17251 1 2449 8817
2437. 3 40 13 17251 2 2438 11180
2438. 3 40 17 17251 0 2444 9258
2439. 3 40 19 17251 2 2450 4504
2440. 3 40 23 17251 2 2449 2951
2441. 3 40 29 17251 0 2456 3834
2442. 3 40 31 17251 0 2459 9296
2443. 3 40 37 17251 1 2461 3902
2444. 3 40 41 17251 2 2454 9318
2445. 3 40 43 17251 1 2460 10184
2446. 3 40 47 17251 0 2456 14542
2447. 3 40 53 17251 1 2453 11973
2448. 3 40 59 17251 1 2451 11030
2449. 3 40 61 17251 0 2461 10377
2450. 3 40 67 17251 0 2457 12688
2451. 3 40 71 17251 2 2453 8484
2452. 3 40 73 17251 2 2460 2121
2453. 3 40 79 17251 1 2453 11503
2454. 3 40 83 17251 2 2459 8512
2455. 3 40 89 17251 0 2458 13991
2456. 3 40 97 17251 0 2458 7005
2457. 3 40 101 17251 2 2459 10225
2458. 3 40 103 17251 1 2461 5018
2459. 3 40 107 17251 2 2460 6565
2460. 3 40 109 17251 1 2460 2800
2461. 3 40 109 17251 0 0 0